-0.09547060722816769
-0.08529864961716707
-0.09813434918647108
-0.07190156896833406
-0.10752716458809126
-0.133274561377961
-0.10865255417450358
-0.09584818935058256
-0.1090612846231409
-0.09406396998571853
-0.10919364962540773
-0.10130286280106043
-0.09300655938266832
-0.07709607614292122
-0.0991193066328152
-0.09895993899809083
-0.09368280101237923
-0.09501905873839374
-0.09304215933916998
-0.0979921857794891
-0.10818362062652057
-0.09766169183644793
-0.09586594848030719
-0.10690842890836084
-0.0857849701370659
-0.10294440651993085
-0.1153059869202742
-0.08259568398332637
-0.11580817290879508
-0.1052294841164412
-0.12082276413312576
-0.10081161998656098
-0.10340998915052262
-0.09168069816920772
-0.11322208361099625
-0.09713219281041546
-0.10398667725454232
-0.12113782575316108
-0.09733504803700496
-0.10040526934889363
-0.09822066355627625
-0.08764830464639586
-0.10537392801138251
-0.09199488140126595
-0.08371259869320027
-0.09305411936685447
-0.11527125931315889
-0.08880230015140159
-0.10636259999296535
-0.10211682506344635
-0.12063097976268733
-0.10276368876131843
-0.07873431984742647
-0.09482176286544505
-0.10395462395400092
-0.10597228286968387
-0.09666483282635324
-0.0968583030207679
-0.09154285416598458
-0.09794238426785808
-0.10645259926293185
-0.10828064918595467
-0.09254628943673229
-0.09392552821431265
-0.09654427591393414
-0.0943656574746176
-0.10579440687285314
-0.0985245828251828
-0.10550346272783392
-0.09860393573202646
-0.09668808728995029
-0.08928331063968378
-0.09473643388880469
-0.08962482107377759
-0.09836300742367814
-0.10134701034557594
-0.08955167761355316
-0.08738683305788188
-0.09771517051314844
-0.08448407361679527
-0.09258105032559287
-0.11608230692890319
-0.10129593824094085
-0.10483547521309812
-0.10391295511240219
-0.11989782628670258
-0.095253372502133
-0.11663222654375294
-0.09889036391381109
-0.08419114157345135
-0.11117568249034403
-0.10286933908307926
-0.08962957842833888
-0.0929169849737574
-0.093480627380818
-0.09060910539507842
-0.11166193706728192
-0.08297671591978578
-0.10503090509976314
-0.10906595727055332
