-0.365699062943977
-0.3826882833915343
-0.3731338380294675
-0.37449843976315794
-0.36768511273019244
-0.3742947265529699
-0.3638809090802486
-0.35924936665478857
-0.38433788498163046
-0.374123116253338
-0.33120496011495953
-0.3932809537660538
-0.4010768251953899
-0.3686925149109303
-0.37602711258532656
-0.3342248672221672
-0.3727830571949467
-0.37067161762184286
-0.3609615421309002
-0.3728203087039587
-0.3846032581607297
-0.46059642730477657
-0.3719589870857296
-0.3841503195537191
-0.37418019795100826
-0.35261921718533196
-0.3624443332148444
-0.37752935728441006
-0.4017398403866119
-0.37243752873797153
-0.3896030710219531
-0.3911686514445781
-0.35742800987859885
-0.38297761209281767
-0.37059377195310356
-0.37979007956200467
-0.36919028508236235
-0.3716862947434465
-0.3612224616050017
-0.3669637364739042
-0.3671876532107531
-0.3752989496874068
-0.40127834908229837
-0.36604563815266233
-0.38912000554795523
-0.3702226690592055
-0.3808094714449246
-0.3768574786647669
-0.3921207201120329
-0.36920783318358646
-0.3722670232950109
-0.3698234483885786
-0.3810796364266375
-0.3635993513643178
-0.37295344079978215
-0.3681048885507444
-0.37276517590193
-0.37234168871820617
-0.38943443879859246
-0.3727238705626569
-0.3755275951094192
-0.381045060473065
-0.37497142244949355
-0.3892890786937993
-0.37490918265389117
-0.36814479437967795
-0.3900824969391728
-0.3692191062462703
-0.37013624644461773
-0.3791499776899751
-0.37230474718468115
-0.36826347791885333
-0.3707661943488617
-0.37071808993373956
-0.37058288119663824
-0.3653710470431484
-0.356361734146385
-0.3606063224246309
-0.36751248101689277
-0.37436897279905607
-0.3763894067860513
-0.3818175497216654
-0.3703987226369562
-0.3816313077471706
-0.3759340464458723
-0.36791065667010586
-0.38633142181002694
-0.37779930259736977
-0.36802872407207826
-0.36578512857875495
-0.3586867247525897
-0.3620808145751835
-0.3669997127896141
-0.36432190699099526
-0.3657501893615832
-0.37925628418492885
-0.3684856405250616
-0.3545095478922241
-0.37451778931413776
-0.3738393768031371
