-0.41130647379295693
-0.3923488344164566
-0.35843370953151465
-0.39373878540365914
-0.39864295018812357
-0.3669617584994981
-0.39662093576546115
-0.38157044076347807
-0.3800331425943007
-0.38706912258018616
-0.38488324362536663
-0.3880895445076312
-0.3985369722937801
-0.4096324339441113
-0.3782181849806432
-0.38503746457187904
-0.38398635496419137
-0.40356787408503675
-0.36080782323225136
-0.36740955791945906
-0.36472547269837446
-0.38863120689505964
-0.34883070811545974
-0.36097989972753586
-0.3929330394982238
-0.36935319526662236
-0.3938332235555891
-0.406094972420105
-0.37154692946153606
-0.3830680342032946
-0.3820986942218321
-0.38354186538953494
-0.3745643592085297
-0.3955747745980955
-0.38844311352090977
-0.37477987369455046
-0.38417162706566166
-0.3973102408181934
-0.3961139103321106
-0.38828084620672054
-0.3412905900611546
-0.371416085740779
-0.3803798923561199
-0.3656444589280107
-0.380623054962337
-0.3946009490890695
-0.37979742905741104
-0.41045875378703073
-0.403458397745766
-0.34166819988481767
-0.4108110860307715
-0.37392282435617136
-0.39465603560185825
-0.37184528592977206
-0.39002668725938294
-0.37631511482796814
-0.37826062324990006
-0.2158943400918764
-0.35065092797464636
-0.4091745943524911
-0.3747617921603598
-0.3907261106512049
-0.3985178435924931
-0.38817545343046067
-0.410731205004447
-0.37581892716558907
-0.3857763035056987
-0.35488301202105854
-0.3529959983022298
-0.36862701579533796
-0.4024561665906502
-0.4124219315826623
-0.3949683944747972
-0.3799890626362812
-0.4052244500385209
-0.37822681645121614
-0.38311516688132985
-0.38441837867379935
-0.3553495539439902
-0.2950337405947179
-0.3864469794162888
-0.3902308669386984
-0.3863072800657368
-0.38286505806042803
-0.38151721201293004
-0.36762176845952277
-0.388335976842547
-0.3757087138763318
-0.37310389829512686
-0.3811321830403431
-0.38641731628168624
-0.39404033618199785
-0.3469526398857042
-0.39324209462815046
-0.25422057943954074
-0.39429076480204805
-0.3844560718285847
-0.34785051454561733
-0.37585721954447643
-0.38044310651025254
