-0.03775887847315628
-0.08901425056768007
-0.03781192953833524
-0.04935600328938625
-0.06611905800640683
-0.14158848029659962
-0.041121868634101166
-0.06248638892558216
-0.028564197645537893
-0.04206515729362336
-0.09925858650449508
-0.026680276961892156
-0.08894631876388433
-0.043980244009244246
-0.06264690908657929
-0.057957289217403354
-0.6037854252455314
-0.03896124292585946
-0.15365905828094273
0.022050159954417288
-0.11647275977812983
-0.05000073006129551
-0.0021515762286223932
-0.06804575682070006
-0.04937393172536956
-0.04115045758658583
-0.03978319521872114
-0.050874623436093155
-0.15657695541831868
-0.044101254549323926
-0.027946514779543657
-0.041772990191143916
-0.05824968708815693
-0.05006316941619946
-0.06084406548694338
-0.02459506617435315
0.011807143269158405
-0.04354829127169744
-0.04551481563087396
-0.06108871699676445
-0.08465066307099858
-0.053431231804415634
-0.026707381090804585
-0.09321975392705499
-0.03274274554923742
-0.06172282104337841
-0.012801032817107306
-0.05812364896869044
-0.04079721525040993
-0.07538800206739796
-0.082696749314557
-0.09049985497288603
-0.03683229612857559
-0.026580279205030796
-0.052661515648129126
-0.024379070377613523
-0.04381216015710274
-0.06526670695066182
-0.05493706826261333
-0.14486462350541748
-0.05086698590591953
-0.05987341201094805
-0.03524968913805522
-0.010671602217549411
-0.05808100388947135
-0.03850199431810533
-0.1062782095189237
-0.0754589298042384
-0.09912870414087499
-0.12861035649208968
-0.04152434906609244
-0.06478429787882403
-0.06336350923142052
-0.05967835804604105
-0.07939474752035466
-0.053401292738379416
-0.026343074595143214
-0.04133374212620908
-0.05272956172781276
-0.014531406097482984
-0.05620889837829719
-0.0683305813619649
-0.013347220264677528
-0.07598365160003095
-0.029341296224660432
-0.04470087233670985
-0.07129385403392044
-0.03320318452739977
-0.03676434265455044
-0.047969800325634825
-0.031733848489425516
-0.016365081727181326
-0.11673849449459432
-0.12073392936093032
-0.03734778793152431
-0.06389571906080069
-0.06824397243194953
-0.045899082203661554
-0.035066772467223735
-0.059016821076758756
