-0.3918548849685124
-0.10999632820049748
-0.07196439795173204
-0.10558486690209586
-0.23607793408528116
-0.1897030120120252
-0.04025106551693024
-0.4289331498635938
-0.452505583199278
-0.08992792160395686
-0.2861133451380323
-0.1183746876419818
-0.22486691927430677
-0.17033226281919492
-0.10640037414544568
-0.07891415660701362
-0.17942581187467435
-0.2615456787071719
-0.0968231579560906
-0.13950058891363215
-0.14781326888905172
-0.07431143067032336
-0.15914425828458162
-0.16580963131285528
-0.5127921078014515
-0.12193825745883743
-0.02731952620427356
-0.10204644721040786
-0.2939053499842579
-0.08897084760644056
-0.032642624932961606
-0.20623455133098095
-0.07540508696668669
-0.0764742019338762
-0.07279722195544984
-0.1202964805515035
-0.361344760450384
-0.21240263160202216
-0.08593753897954015
-0.17232040356632344
-0.4129255038831901
-0.12379668492667821
-0.36404622233124057
-0.0366030690451165
-0.33129564207012163
-0.07053724530142917
-0.0866126286675276
-0.04840363846361965
-0.08049645551252055
-0.11381120099530136
-0.09904804237794786
-0.09292425412249608
-0.1548639619462237
-0.14728278326586794
-0.09283556234141274
-0.27571063152934927
-0.11559740747847126
-0.11133110655694307
-0.04683545783828026
-0.11965806592632701
-0.48275554572281354
-0.0918088488395041
-0.20927246821684745
-0.03795567797631775
-0.3598396817047985
-0.32051205608569755
-0.0835238753781122
-0.16662047913591266
-0.14817949176296324
-0.08034604093254301
-0.08177877687489536
-0.08429157516584652
-0.12052507724635136
-0.1073007273322903
-0.08912961549865059
-0.1349746048162429
-0.09692020118461359
-0.105571176967902
-0.07478942832984779
-0.038766243192214236
-0.05914214375600619
-0.15753288294847897
-0.2659336953256325
-0.38528501316694747
-0.2211386450392873
-0.11779817035220536
-0.08540827945435184
-0.08598655733314149
-0.06371505508474709
-0.286361078605942
-0.35541895815062535
-0.020089375538215198
-0.43248938057926034
-0.12421360829756793
-0.3866066569137363
-0.2702948104323312
-0.4248286958502971
-0.06985280342082062
-0.24497514435491546
-0.12258948797440959
