-0.19184912617058061
-0.1581256054221186
-0.17037453120719276
-0.18723466511352183
-0.17741117598674916
-0.17586962203577633
-0.17537051702501283
-0.19166136537320277
-0.18832863672141834
-0.18657200078169056
-0.17808529784564647
-0.17770987516649875
-0.1735168166746331
-0.16628850702194053
-0.19005122304761818
-0.19850206562749143
-0.19742606425803516
-0.1697631457206252
-0.18416164296104798
-0.17821361870981972
-0.20569319120337054
-0.18195163638135645
-0.19735871152068968
-0.1784248323800006
-0.18379425985732592
-0.16719582565949098
-0.14008613607412645
-0.16841039449381776
-0.1572528648002376
-0.15367452111950744
-0.1930301477001725
-0.18559941490073784
-0.1578337300823512
-0.15388633906244176
-0.1533361213189627
-0.16969707915790416
-0.1589806245865095
-0.14868989193686197
-0.16745440916702223
-0.16500127070215273
-0.1553305268995665
-0.2072554845923356
-0.1672717757530669
-0.1428185990313546
-0.154368516472838
-0.17837543456109128
-0.16124736213370663
-0.26101897090392007
-0.1684096697860637
-0.16424960292639218
-0.1772451820788568
-0.1518351853415122
-0.1717482171871115
-0.1483317951527441
-0.17950379011836895
-0.1631268312632733
-0.13905626555068565
-0.15931213254013646
-0.16796417598741106
-0.16672138464745875
-0.16177164106157418
-0.16269537391237002
-0.1728204395353338
-0.15888632295086397
-0.15730891357102358
-0.16628297947293408
-0.1647660806746364
-0.16516860304644707
-0.19279096101871707
-0.17177917044700597
-0.15485258256082163
-0.17303894804196057
-0.1623984130146152
-0.2098068143232071
-0.17766186377110668
-0.16934407168212204
-0.17028704444109233
-0.17985020939244875
-0.1681715974897686
-0.15107672384029427
-0.1817551807464576
-0.17466256045531497
-0.17450691532041684
-0.19107608411624624
-0.1616673063359992
-0.16938015568963732
-0.15059758236103732
-0.19452711472085357
-0.18379707869274226
-0.170824515438795
-0.17692098993910546
-0.1827921694030576
-0.16418209149894875
-0.16180459593656324
-0.17644084322221912
-0.1784326918067533
-0.1666712620994777
-0.19835986358212798
-0.17376509696488507
-0.15253686984258577
