-0.16807758767224185
-0.16528230841119332
-0.17251023285892375
-0.1717067023832214
-0.1650477071315298
-0.19162879857887122
-0.19078060393876023
-0.2113395738606764
-0.1762879335753336
-0.19033395622910548
-0.19512158593275383
-0.1797484853958968
-0.16611896052391947
-0.17193726583078467
-0.15980526717355337
-0.16992014563504468
-0.18025910249100002
-0.16359824664633071
-0.1684393877888032
-0.1691899992849755
-0.16828834661517067
-0.1896569618499419
-0.17223207378196922
-0.16948621263846256
-0.17430255617002502
-0.165946121561782
-0.16767785804945662
-0.20478787761637324
-0.1667491566575762
-0.1709930115962812
-0.1591593236755713
-0.16729885707913608
-0.15587132203139697
-0.18052279074934702
-0.17305624297059932
-0.17321054537574995
-0.17329261275164834
-0.18232246176794756
-0.16676065151278927
-0.16639640673598977
-0.16831929075011481
-0.16342705039140026
-0.17776411356931124
-0.1938895552495737
-0.18225492111874525
-0.17264175218844321
-0.16364838720158384
-0.16902222327438232
-0.18952434748372635
-0.17879260961998597
-0.15833726776948362
-0.16663495048925384
-0.16824006462020782
-0.17154216631933822
-0.16349837929247713
-0.1730543752214762
-0.16584016797372783
-0.1673428042264992
-0.1792692090586144
-0.17006940521343672
-0.1921375474765595
-0.18316382290587407
-0.14932914192435046
-0.1743557878519667
-0.1611506042532447
-0.15598407544607523
-0.16955485719889532
-0.16083992473532888
-0.16873150100366296
-0.16322238577831039
-0.17503932834466346
-0.15947159781653542
-0.16374676300052318
-0.14886934559459275
-0.17332439408966216
-0.17290427910146444
-0.16497190972774003
-0.1758544013005288
-0.16038289859493987
-0.19096812434881516
-0.18421826589653476
-0.15651482007390521
-0.15736255615169903
-0.19642397176292065
-0.18263686372268556
-0.1771358052342849
-0.19028208150158468
-0.16736976808751314
-0.16133300423971228
-0.16883871814773924
-0.16726368453604393
-0.16603270618207042
-0.1685860533488638
-0.16137680132225068
-0.16909426613583972
-0.1975053777298911
-0.18429493728492036
-0.16305783695301926
-0.16424117182306266
-0.17013750620357612
