-0.5455904378253467
-0.5517475376704394
-0.5513737105003446
-0.5617640765773018
-0.5516001711606937
-0.5548824202329607
-0.7067125528742847
-0.5697026648274308
-0.5612317031173648
-0.5594870722253106
-0.7179024245593943
-0.5606789184127704
-0.5460280629168293
-0.5591281655301598
-0.5787861406223316
-0.5540413788201289
-0.5612721377482719
-0.5486319365024848
-0.5284439378940843
-0.5537032541080824
-0.5557694401969865
-0.5571638919044148
-0.552476250872675
-0.5530783745663731
-0.5556209159911466
-0.5525809791104063
-0.5592392095183858
-0.5690490402498367
-0.5547080764480098
-0.5539158117340793
-0.5480121361199368
-0.5539027023449787
-0.5423109057020452
-0.5776225641203208
-0.575603765709982
-0.6454131452045138
-0.5662630667878011
-0.5567303480757978
-0.5634688515931865
-0.5477747370139615
-0.5543139191012654
-0.555817628616254
-0.575413035758971
-0.5656676799875937
-0.5513915195703225
-0.5498727820650353
-0.5623029496788905
-0.5549855886502031
-0.5705653333819534
-0.5463357328087517
-0.5617631350276374
-0.5443586642450604
-0.8034183677633904
-0.5643572827097275
-0.5573314015004476
-0.5558573401337693
-0.5504630999570842
-0.5557556954984145
-0.5587321665443992
-0.5554128095427044
-0.559156690060276
-0.563152686621507
-0.5510066577980024
-0.5520820158356888
-0.544184276367577
-0.5346921543238858
-0.5553412095419522
-0.579642202328292
-0.5486433217006554
-0.5406156229835456
-0.5507755302056958
-0.5500968672468458
-0.7275535582430934
-0.564246294643758
-0.5618769960692235
-0.555390862981065
-0.5686759924476503
-0.5552891094299726
-0.578888154107055
-0.5640681313089094
-0.5586368460071499
-0.5588743901521832
-0.7629925159643303
-0.5487796109113147
-0.5518189656930059
-0.753784330014778
-0.5555619699232969
-0.5895609416492446
-0.5603924983430693
-0.5556999602477576
-0.5556391505072842
-0.5641659614859663
-0.5517904815842166
-0.5534176766959217
-0.538292342368888
-0.5542982405893245
-0.5488324416557808
-0.7175403559749491
-0.5472384314631132
-0.5549389984566446
