-0.5704727757293949
-0.612795900230512
-0.5703111256503823
-0.8241845443259184
-0.7535689641652692
-0.5862030029027229
-0.6469104697788491
-0.5727221864163555
-0.5715028538620427
-0.6094764773358132
-0.6321667114807481
-0.5580898238760377
-0.582020472784471
-0.6207928726609334
-0.5521835363367806
-0.5803640934815415
-0.5966550410087913
-0.5548178887422522
-0.6194560257793312
-0.5683633326663504
-0.5434856292729078
-0.5617028211958371
-0.564711068992651
-0.5665891346121403
-0.6230499981460924
-0.576612209080501
-0.6242326883978853
-0.580174690947011
-0.5908643646850144
-0.5479515598499651
-0.5899161775352587
-0.5674778390424807
-0.5753163030948512
-0.5737056817524276
-0.5751560298667878
-0.5890856101636481
-0.6969171096271156
-0.6092265067378088
-0.5806660636119226
-0.5969614242232779
-0.6460152606782364
-0.5490450327598658
-0.6376540322263116
-0.5949063743541342
-0.7348384314803
-0.5804326418320034
-0.5991622088218359
-0.5725774140101605
-0.5830761541627247
-0.5697865426302929
-0.5760111452027067
-0.5689252404819246
-0.5529159928279747
-0.5595516705664293
-0.5826055512280202
-0.5543685966688104
-0.5574148362126009
-0.6037574387968618
-0.603574055444003
-0.5923072526694976
-0.5668047747767576
-0.6152515466828087
-0.5851091090442864
-0.6148145797394916
-0.571702036514882
-0.5911615038207209
-0.5995107478594605
-0.692241907256535
-0.5517860554448205
-0.5757334154094967
-0.5667410505098478
-0.5630942734393322
-0.5521777997856181
-0.6213024378297605
-0.5550508234562543
-0.615894306203292
-0.5848670821866341
-0.5852980291916424
-0.5540584207592301
-0.590658547178675
-0.5867209292101311
-0.5627526124307317
-0.5867823264045268
-0.5751760925257273
-0.5827800607012881
-0.5520882280995941
-0.5904451676488541
-0.5703778552852503
-0.579234690839005
-0.5644638429497507
-0.6174379178932045
-0.620671258009717
-0.7572935353794157
-0.5851253391669796
-0.5719787585097924
-0.5575657911559392
-0.6473697932431255
-0.5972894442962139
-0.5583181241641643
-0.6034048141629693
