-0.11512445574011151
-0.11458444829298767
-0.11749630396734281
-0.05791717493010254
-0.11645741322897829
-0.11587638562150271
-0.12252493341369894
-0.12777583117500854
-0.12311853017590403
-0.09826541794208289
-0.1210038876186534
-0.1187396374811962
-0.0746325363425252
-0.11816448600332385
-0.11917313247706741
-0.12164496656104565
-0.12810220296948738
-0.10363116975677655
-0.11151102489875332
-0.05211473584310144
-0.11791194602618298
-0.12293324517227215
-0.13610163037634318
-0.1127712485685431
-0.12106760310323908
-0.08112929447051796
-0.07004506886488247
-0.07673734073495288
-0.10940709043416208
-0.11324015178889132
-0.11796225468470083
-0.12594008698112372
-0.11403734353662533
-0.12494194620072553
-0.15665959606651833
-0.11273241283432332
-0.12257110641094937
-0.12054743212163586
-0.05094687941323009
-0.12440627119159624
-0.061828005970607516
-0.12016590979149315
-0.11768572063023747
-0.11932178553511319
-0.10849230610949649
-0.1150451166808475
-0.12359363490350507
-0.12605631562156214
-0.12127925005691945
-0.10757343819463387
-0.1223697568749108
-0.06116283908907867
-0.12329443400812176
-0.130798572249888
-0.11422917570665825
-0.05846896539892782
-0.10205209276357331
-0.1104261272093278
-0.09058974985902715
-0.0766187610168541
-0.11622916234493355
-0.14171165389464724
-0.1272376886303158
-0.069397388972457
-0.10549464289353926
-0.11597711277219898
-0.12318382056292192
-0.1138849365603775
-0.06741871723798293
-0.1174675792087508
-0.11722312088463135
-0.08938720558361976
-0.11884066964073708
-0.0824986542987519
-0.1176842931612905
-0.10637346545759523
-0.1262232446282638
-0.07761341711435053
-0.11027902898417521
-0.07989352098050059
-0.11815540427043907
-0.11073458316890852
-0.12182399133896982
-0.11497156253716148
-0.10705680184623668
-0.12173480256977535
-0.11380526677160123
-0.13402335893382344
-0.07063964701087477
-0.11422868761231579
-0.10653287224428674
-0.11407691895628465
-0.08139672297403441
-0.10450358428180888
-0.11369745654442898
-0.11676267261171405
-0.07894882785914563
-0.12175930101862298
-0.1126654595832353
-0.10815559263927117
