0.07740790715940624
0.09122638910672594
0.1067722281769734
0.08022306122145867
0.10722390987826946
0.10681182608770007
0.11249716902373072
0.08063515075523059
0.08970112164298774
0.07342824349560863
0.10923120004885696
0.10416739844907752
0.10593493960903656
0.0770220038109386
0.11265608119090906
0.10051549687174173
0.10176470096036015
0.09547014508230542
0.10791726878739506
0.1074531096208767
0.11061021668203079
0.07785228728121851
0.10672432256604836
0.07346891405708976
0.11088846042249743
0.11006673859677385
0.10933678861265893
0.08100984024090721
0.08253587407452312
0.10562129743564344
0.10609386772100783
0.1109816937849948
0.0721787747327956
0.11008914525040898
0.08008007502559805
0.11502221147317289
0.11257883342300991
0.10466831654060466
0.08239600817895537
0.08269592731789793
0.10728321043604862
0.07660404845414613
0.10894220723820211
0.11055415473374425
0.09159849987608042
0.07478975369934635
0.07389132434393765
0.10573955897139857
0.09434818392994945
0.10888843258692746
0.11113048464490119
0.10848389577626531
0.07826068633962179
0.10725785955923507
0.10801358868103086
0.08037984738029597
0.10710522531550477
0.10598027796876688
0.09228462245461107
0.08250626020404198
0.1058291122234155
0.07905479863415012
0.10307335101867479
0.07470775281134936
0.08876232632434002
0.0788241096522608
0.10672734820735978
0.07925033832306698
0.09358693136884932
0.10662680918641097
0.10589042837235606
0.10642585808824087
0.07731595896334412
0.10866842966864987
0.10918422161469307
0.10400565511024996
0.07923932454753724
0.07631208407942268
0.10291321550558277
0.10922457400811904
0.0792354258309915
0.03637598402816214
0.08304796030119259
0.11392521078666991
0.11013417011023366
0.10891633688161197
0.0761254647108378
0.10612590898810187
0.10609610991117271
0.07890733855123416
0.10554508193420267
0.07934628410502247
0.08323615493385725
0.10777845526319313
0.08602166666443625
0.10923211103392252
0.07818277361571513
0.07868804821527034
0.10837416410672066
0.08118949559432063
