-0.19079480727162781
-0.148839056742229
-0.20119429944133718
-0.20865668562983586
-0.1623453929674253
-0.20336088708442152
-0.17731469277793604
-0.15152661650623878
-0.19993975012274892
-0.15839643665695466
-0.19316593824383205
-0.17956768758586497
-0.1872163367857539
-0.18768478142949094
-0.14942554593168214
-0.18756141692051795
-0.24438041100353228
-0.23086581498009218
-0.16255807712936693
-0.1759398065468277
-0.17632951598502877
-0.18762586888647223
-0.19060224857082253
-0.16220591649743288
-0.23424682791316406
-0.20674364720080518
-0.13705173879152632
-0.17411957628838654
-0.13943369276403603
-0.2037706881064752
-0.17786546361909988
-0.1815928468588252
-0.19164303727988008
-0.14543227838844047
-0.1400551334415159
-0.20994974094306065
-0.19334347927808873
-0.1453184433460011
-0.2192824851287613
-0.22692266321378404
-0.15857915042984924
-0.2208861560120205
-0.13963840167536667
-0.14693648615788543
-0.20022226597378126
-0.1555465173732604
-0.2036126030152773
-0.17605920445074938
-0.22900593155385332
-0.17800460993534165
-0.23192013140730966
-0.18931064608332226
-0.18276078532710463
-0.20401188504139145
-0.18555842340158332
-0.20815611628853312
-0.16494720796480103
-0.13444582517915515
-0.20943783351198786
-0.1716077397185831
-0.17161922317129305
-0.20522442148893477
-0.18639194437783108
-0.1518706738285397
-0.16338385830765173
-0.18502039636423656
-0.18973268216707234
-0.19196807486661757
-0.18471085866227738
-0.18234014298553586
-0.1896816190703315
-0.22314692228020008
-0.16151984187551577
-0.2265351206101552
-0.16822441803641636
-0.21060940662343267
-0.1698133895445541
-0.23864961357263104
-0.17643969894478076
-0.15231048314769544
-0.20240857634357245
-0.20652812519024294
-0.17062735733006454
-0.20806375321249987
-0.19770959452392145
-0.22737112567520107
-0.19190490048709316
-0.1726198798034728
-0.20092594538369818
-0.2231107422763559
-0.18279300169457502
-0.18085836431588453
-0.1931813843932734
-0.17396170678617257
-0.18140203106147582
-0.1645423858386479
-0.21611786918216516
-0.17863918340435006
-0.18100576770997268
-0.17723230701404372
