-0.16748923576729552
-0.17397470632025336
-0.16573296583598793
-0.15104312646207574
-0.15550388542008706
-0.15658671158079174
-0.1537583747817038
-0.16678978573065384
-0.16174495906993794
-0.15235261613462622
-0.15158294425953903
-0.1519625960232829
-0.16610246703327217
-0.15279431099644153
-0.15322504494058797
-0.1569247850636611
-0.15307449575412715
-0.15211724613512784
-0.1623866440364262
-0.159259701017795
-0.15171728324107578
-0.1524426947371807
-0.15762606730164855
-0.17140268533404357
-0.1519552639289321
-0.17010050752509703
-0.17029145199670273
-0.18027122240843052
-0.16901680577957653
-0.15912249398493208
-0.16858098724415987
-0.17049914226472718
-0.16927715776372462
-0.15734847421876785
-0.17271307258854895
-0.16352931916209193
-0.1676261477759716
-0.16876209117787044
-0.17551623781945264
-0.15792248232292755
-0.16431030991342194
-0.17012915157048272
-0.19062230721195586
-0.18793415769562727
-0.15800048086413215
-0.15956138919864438
-0.17185800135846224
-0.16806089020369805
-0.17299419316898262
-0.17340222577095366
-0.16760420985964583
-0.17252991119698113
-0.17184660378811745
-0.17045351002757547
-0.18503741155613035
-0.17915358699002604
-0.17377034293773513
-0.17243785032853
-0.17743449175328166
-0.1739932650534998
-0.1581255778975982
-0.16046135107585513
-0.16720403660294628
-0.16577807024722355
-0.16338762712741925
-0.1832344719426572
-0.17630865834800377
-0.1656841679477372
-0.1572334608015572
-0.17399611830541548
-0.15671116078288613
-0.1875419535633293
-0.1663975938734621
-0.1709263862884429
-0.16910314934036907
-0.16514312731702183
-0.16920419945390555
-0.18816393804420625
-0.1770432622237359
-0.1889445173654105
-0.17351917291667934
-0.16512482055752625
-0.1709367196422483
-0.17001705496578315
-0.1863740603248147
-0.16686887103619288
-0.17434839264663393
-0.17118539752665307
-0.1643108300258682
-0.18430327684524345
-0.17974871313049445
-0.1733860066214296
-0.15836301950170364
-0.17981373187292535
-0.16920288085637702
-0.18190495919069785
-0.16934575672143784
-0.1644415964786443
-0.16700332565073917
-0.16565213676918245
