-0.08621021073954273
-0.09049746847104792
-0.0906976022116518
-0.09126961732281016
-0.10797326563666039
-0.08824236535452618
-0.10072484088599434
-0.09453234806073245
-0.08879148494659453
-0.11645724895404856
-0.08736874991231076
-0.11042269037935534
-0.09201321234632082
-0.09148648456950093
-0.08702951324513326
-0.08468440035746606
-0.09493719772748233
-0.09902103480451925
-0.08174333771261474
-0.11090279631640831
-0.08972751367986259
-0.08717405059401447
-0.09022388779938093
-0.09415577905863295
-0.08896690696040757
-0.09447192431922437
-0.09567615155846962
-0.09034927187832047
-0.09215366778621896
-0.11798710141813445
-0.09454871423494042
-0.1088177568510799
-0.0975592965254414
-0.09186308142305179
-0.08930795441901043
-0.09280513326908646
-0.08629232834558102
-0.0926249635966265
-0.09485881223914897
-0.09380149152012995
-0.10843172997132322
-0.09504787748394918
-0.10630278662150681
-0.09670472485585525
-0.09631563398397797
-0.0999271708734472
-0.08194674541527945
-0.08582316491866346
-0.09400451979177094
-0.08827258935899152
-0.08720851014741511
-0.08720890880394427
-0.0897486022272817
-0.09432664078308266
-0.08756766593043094
-0.09430117332272259
-0.09759355863232659
-0.08859117483399437
-0.09101774849552415
-0.0897332533877744
-0.08706641129089629
-0.10951051144740313
-0.09629325054873072
-0.0906757056701005
-0.0973063435771268
-0.089334494172832
-0.08867228761621866
-0.09644718977698359
-0.10007008347185742
-0.1145125898034689
-0.08795139330202974
-0.08782073642516171
-0.08755082350035592
-0.09630020002697982
-0.10376812116963656
-0.09510081509935835
-0.08728549946144891
-0.08960200855959591
-0.08955886182815345
-0.08456498601127585
-0.08735949242353018
-0.0863391348788766
-0.08614095025413814
-0.08680646800791049
-0.09221316332045522
-0.11569689702511184
-0.08585297347344899
-0.09433404103075174
-0.08937098209574788
-0.0932582602708709
-0.10523671990179757
-0.09176155402545179
-0.09739218530398767
-0.08481570272713312
-0.08734995898568766
-0.08899388398689742
-0.08673914368464199
-0.08579575299132848
-0.09558709559469139
-0.08956097345800988
