-0.12841942775555099
-0.129347995984563
-0.13081930011626478
-0.12450890837700933
-0.13178412688604388
-0.12426196621355257
-0.13827956879274553
-0.1301094947399128
-0.1324795891420226
-0.1324652555520541
-0.11203836825959354
-0.13264253146356517
-0.13284722268802523
-0.13117410149921085
-0.12895794642911407
-0.12807435659647504
-0.1308599568303656
-0.13591126175679794
-0.25226707673686094
-0.1383571770092376
-0.13101139528261171
-0.10024702158725997
-0.12377175415753935
-0.13147243648574541
-0.1326652546616789
-0.13444122022124355
-0.13168132170111996
-0.1309473297155075
-0.13490786037336136
-0.12851056937980349
-0.1190940202929431
-0.11057827337812598
-0.13583390585723001
-0.13629984712710982
-0.1312802458039401
-0.13403276131764716
-0.29943215486359076
-0.13410294958166874
-0.11976396951661511
-0.1392435626878056
-0.13180320887678557
-0.13099559795860516
-0.13303924431455721
-0.13689443793974365
-0.13340892365019572
-0.12790466521809724
-0.11723741424663534
-0.12665617671095775
-0.1337981125113463
-0.13110303100628423
-0.1312476079117458
-0.13194322190423619
-0.13284396048205738
-0.1341600152379707
-0.13294838471109177
-0.09369909164995807
-0.11230532347132623
-0.13088028491719303
-0.26280577710648534
-0.1344587647501293
-0.12996893177315882
-0.31377209225629304
-0.13027361892973927
-0.23880326349003103
-0.13335742831735722
-0.13306474406323018
-0.1389068903634227
-0.12205089717353713
-0.12989178559100206
-0.13512808800961748
-0.13439135593102428
-0.13366354360520472
-0.13464666100148034
-0.12725107553491083
-0.13382652011151774
-0.12411749906275178
-0.13332430193054867
-0.12856753054146888
-0.1337934505578789
-0.12996129794869754
-0.12384888191685098
-0.1296637207799713
-0.3123488356317812
-0.1271533461235885
-0.12948183074438732
-0.1308505526304598
-0.13076611257410659
-0.1278296943937035
-0.1321263624663333
-0.13326425153916038
-0.13154568761649138
-0.12986557017611233
-0.13452787514449788
-0.12670484356354086
-0.12702197786744554
-0.1197769511751221
-0.13048272187665685
-0.13163061190149916
-0.12909172562069324
-0.12947789414614672
