0.1329081511713533
0.13555232341221274
0.12162791360463554
0.10221577495996988
0.12450797950913303
0.0958578726531961
0.11843316566418625
0.08028330353029355
0.15270142345222681
0.1033326436284116
0.1515229873347591
0.12168402817850626
0.11342983814935163
0.11195357639098089
0.11889713231251495
0.13076605993115695
0.1266335456408786
0.11578568200062427
0.12617566461380444
0.10911939628379894
0.13443238666906884
0.13885926631033774
0.11988776354735713
0.08557542539231328
0.12054452999592953
0.114869229920118
0.0969696809628825
0.1343146405968884
0.1887581086999078
0.1369826585988328
0.11509117460346258
0.12019347115218097
0.1166116474457494
0.12405653023033109
0.11308535271878777
0.10767652053477147
0.10534290198781361
0.0674503544816499
0.1097771740251593
0.08059415102420191
0.1283831341403061
0.12854462041848533
0.08029817419955494
0.0929581237279245
0.11233965234408999
0.12215401922073378
0.13698962324823744
0.08337629699918797
0.11325776806035784
0.16344976562911132
0.09772825231376188
0.07362336472038099
0.1651604043076292
0.1063741703713152
0.09232500833030417
0.12605950049908632
0.11081870726639809
0.10013033160453216
0.08193429253964352
0.1252494476271467
0.15609967030164973
0.12599600963567215
0.19733250587313045
0.12090768114752116
0.10619076449520386
0.11585452369410314
0.0848864439560793
0.11669772791282733
0.09634934836081405
0.12264176302247545
0.10041042153676795
0.1152036713636335
0.09970110341618904
0.09911757636674413
0.09741959278029737
0.0919132883490543
0.10159717786792732
0.10497352341044103
0.1071200457078904
0.15306706824763106
0.1324175439957481
0.13301714020681957
0.10126438956437213
0.09813684986876277
0.19153924956075385
0.09180009361193167
0.15334339908183775
0.08542599490972806
0.08875640289597828
0.08871446452551009
0.1344494782435967
0.10828254856172116
0.09314445409041
0.08495253172398778
0.12169746762126324
0.10586411095053198
0.15123474728036346
0.19972397471395728
0.1652853903654019
0.12352712006664501
