0.03850871715233578
0.08445159647847321
0.06832948879737259
0.0835727163076206
0.14014108439931705
0.05788461274566871
0.07023368762517485
0.10795451229324292
0.08706018063341482
0.09247459002690597
0.093244114824468
0.03871985498096632
0.0823457012573001
0.18567380315659407
0.07682746314008364
0.05960866320517476
0.05887274213587307
0.07551277304464764
0.09138980689749601
0.06870015025027072
0.095616024593568
0.10088867144636754
0.09551807450976181
0.12995340021412735
0.07916238186457451
0.08246543026830037
0.09553905552106363
0.06978442811530253
0.084762819207859
0.19579887972278506
0.10028625366235594
0.060811198121807256
0.03480318803537296
0.11604435853605179
0.14790113571653027
0.08574493865862294
0.13788670623294044
0.1170411902682024
0.03029325776459593
0.12942704497443583
0.10652435477948766
0.072693479604207
0.028995763739974964
0.10346722622964871
0.15153682323061507
0.03353607396880548
0.1514024584283317
0.11533615396080128
0.12227785601323558
0.06118696922989163
0.06288887514746369
0.08172284875831204
0.04221075410577449
0.0670816209302758
0.13528512603625337
0.09730063885561621
0.08357971381436127
0.05724437410611141
0.04042098483391834
0.11824747388455256
0.06699417469944878
0.07558895470718702
0.040373671650829855
0.04815860632154417
0.0991438133349376
0.023596439018719054
0.14655958801190588
0.0732769039967434
0.07541490048892344
0.05871146466196558
0.026265242926389147
0.07722258957668986
0.057176391720916944
0.115163580288907
-0.021035791605895585
0.10903289418305481
0.044566596492395076
0.1052000267272863
0.15347600421112112
0.11380658977731281
0.12517355114920267
0.1426039507701369
0.13218666261818585
0.1092392091905516
0.08949962929831577
0.08157027129134606
0.06937554033928028
0.03842132111924494
0.04638240964658078
0.10110839400224557
0.07412807591121894
0.1367221087887604
0.034931306809141555
0.05319308813854743
0.08714026068430092
0.07670600465150713
0.10322324784851647
0.1218619995443623
0.09303547193903158
0.09190768227665101
