-0.16395258779488514
-0.14714477361362785
-0.20090193801381853
-0.11769308516605487
-0.11180117283111211
-0.11693754607443359
-0.11540648674812876
-0.1184830400465699
-0.11335496055916192
-0.12305033890999982
-0.12132248653056091
-0.11634442190328602
-0.1210379280871164
-0.12700883104202482
-0.11636981160373663
-0.12298370584819984
-0.11695497295575398
-0.10092907717015101
-0.12335386300022122
-0.10620868878978905
-0.09592247221284605
-0.12183648931575417
-0.10242112763417853
-0.09747776778853681
-0.11402892274683389
-0.09754245548858272
-0.12119427844804276
-0.08473171173668936
-0.10801581853986551
-0.1074252588362495
-0.12352018980738344
-0.0978256669336957
-0.10249103704477752
-0.11738499304172374
-0.09937836821270858
-0.10090430232304017
-0.11868887396841843
-0.11352923379501201
-0.11766147523720068
-0.11527769581340204
-0.11082213631151151
-0.11114475932320927
-0.11148378600230328
-0.24609994120196232
-0.12493816904051883
-0.11386141839835454
-0.1259069256944755
-0.08030544829499481
-0.11049249378967416
-0.037723746720530436
-0.1142848145659075
-0.12281182725522885
-0.1286044781206529
-0.12188629350034914
-0.11929473841010477
-0.11448871907368807
-0.10094984089606004
-0.12372425399418166
-0.11584007026325756
-0.15145427198465888
-0.14041439090183946
-0.11646495208248449
-0.11707290246888825
-0.19040877926390073
-0.10125616116373533
-0.1019536391957611
-0.13539003787717702
-0.11043153010464479
-0.10901373089455597
-0.10502923861274784
-0.11804312932030389
-0.10526027265122255
-0.11121081165826445
-0.1993761554935364
-0.11182211613581287
-0.07972092283286936
-0.10477899505189969
-0.10998184870683872
-0.11944888241966989
-0.1507682136141741
-0.14455457781387868
-0.12282755382643497
-0.12366578410660659
-0.11909330406973895
-0.09802242314343092
-0.11554971545442032
-0.15935874159418897
-0.11151322653773806
-0.08164498094923259
-0.10836599722880023
-0.11189528981183162
-0.13023085570966095
-0.10538394481064767
-0.10990561236046152
-0.0258770561639541
-0.10517497090776705
-0.1040840434007731
-0.12337550470551588
-0.10692029326142381
-0.10715978676528348
