-0.06934889055537373
-0.05254144411876835
-0.06498997083215155
-0.06282430642743547
-0.06214029847797847
-0.057470706230922326
-0.056455530814986526
-0.05278712735187932
-0.0543445816441859
-0.06555524218542319
-0.06378311915051196
-0.06215919442774453
-0.050251614998942415
-0.026613853907449733
-0.07000743874497826
-0.07149514835175502
-0.06640649396544951
-0.058958311201564084
-0.06445808134160734
-0.06896685454267389
-0.06340634546952374
-0.0710986276502098
-0.024077370027917332
-0.037834835999616116
-0.04477873684535385
-0.05704390693249156
-0.03591371608791919
-0.0776228913669918
-0.0424665189269953
-0.05846124535974325
-0.06725243885552189
-0.06622676315451333
-0.07013394991437807
-0.06033627441955984
-0.06136551635339879
-0.06076689072547056
-0.06213353027521468
-0.06144523077105902
-0.05286748712652921
-0.06395784067058402
-0.05915019014009458
-0.06983078218299629
-0.04926055611161271
-0.05962225225531975
-0.07257551541032436
-0.062361231373527344
-0.05824678111415172
-0.043565950100852416
-0.05323953061349135
-0.04702376169159356
-0.06396357371350485
-0.058996787992908216
-0.061535602637995804
-0.03930934603482984
-0.04887596502091636
-0.017425480739399254
-0.05066862885237017
-0.06705840823346788
-0.04936707360455406
-0.06986003744417316
-0.061360184717268486
-0.07207590273441353
-0.0522532325039243
-0.05668267242674963
-0.052358257480623865
-0.05729578309193081
-0.03187165698082602
-0.0711307166566077
-0.06203163331966981
-0.06744540123428051
-0.06035708485838118
-0.0655290463809139
-0.07692586962411474
-0.062288323670242625
-0.06499984413362565
-0.03918306517557153
-0.03404408059778607
-0.0682109871232146
-0.046216584495665174
-0.06713376813036674
-0.04732830662588551
-0.06766822373084075
-0.07949498565726501
-0.04305646216517266
-0.08153958454576885
-0.026806049557929663
-0.059430809009465055
-0.06671990034330014
-0.06648394326042202
-0.05910272759145712
-0.05888261527316523
-0.06965327333934175
-0.06572435537390602
-0.06316616898299467
-0.06529569732724802
-0.06652065738349452
-0.06813568844941931
-0.06518674114001205
-0.052787073692470224
-0.05645822400443941
