0.011397827333717636 0.15587311527555947 -0.464444779707482 -0.2833737829228049 -0.37944394004279935 -0.00213855361083759 -0.24438290030620635 -0.13764693814519546 -0.4371700268102643 0.2377197079929445 0.4253108014495588 -0.17171553655341398 -0.2290462767926229 0.03468294570711805 0.8252581776559538 0.17013645212844608 
-0.3352519047673961 -0.10696453089584335 -0.40709428576081264 -0.10712720288397648 0.016873782026526563 -0.23068003030886164 0.11505009916065978 0.12373193328062371 -0.13653276602056152 0.06378919453502974 0.3988178114035925 -0.6449074662064387 -0.20728706071711578 0.330330875157518 0.2459725681883569 -0.14665015025897787 
0.1531310714605878 0.005519286173663929 -0.01925170685802957 -0.15251400903655288 0.06444929843756952 0.008765195551475813 -0.0538283525486456 -0.04745654476614902 0.02025274549169609 0.22550609280882838 -0.06404082039208348 0.036219511248042124 -0.30811727829992464 0.23055292885049994 -0.9313154124480718 -0.0658190091545805 
-0.01627727064410589 0.04840288340050414 -0.02537332772993217 -0.014913157588511972 0.053027530119519994 -0.05222864997082688 0.05601967052190826 -0.056361388154549275 0.18386163860306226 -0.14851992332925334 0.1024994287805967 -0.09094611798968444 -0.054622707253795255 0.07899896087551284 -0.34148960561500985 -0.1227249672243147 
-0.1999813815407958 -0.19699488143195643 -0.15392601735688083 0.03013438704712601 0.12573657543099226 -0.06427599064144873 -0.05777934022969622 0.25571188446056814 -0.1773627055117586 -0.07646498171407345 -0.05473256684739192 -0.003655822764278005 -0.05417956823085279 0.09412521213179592 0.0723486397085713 0.06497451510193208 
-0.2679009637678398 -0.16439941576403516 -0.055345429305917015 0.1582383624119199 6.306198522842976e-05 -0.06719354021520907 -0.14752787337839202 -0.01781762960265354 0.026137794335379994 -0.26103893222986585 0.2389113140337784 -0.009627734380405428 -0.2579135317964507 0.2124009722369351 0.17735214995859394 -0.022588305550300447 
-0.2154880326142785 0.00806244972430048 0.0978035555236898 -0.21729325099622532 0.14372218631655764 0.13403066471006575 -0.1418735433488485 0.14084418923764375 -0.09180734676411895 0.058574809778926706 -0.3212091456143966 -0.10480529304839514 0.27578025010249974 0.18911793079474393 -0.0181847459292932 -0.32833512770145035 
-0.00010748001461369228 6.798722400880308e-05 -0.00011343651410022915 -8.554764191792685e-05 6.541001997995011e-05 6.76182016707827e-05 6.994712017061033e-05 2.2657989877217233e-05 4.055107497791255e-05 -5.045341355014443e-05 0.00013424801610639747 -0.00011982437921531641 -2.4998742460979884e-05 6.728028235869488e-05 0.00017385704600769714 -0.00018148886940139164 
-0.05765062081123684 0.032977591502110215 -0.06145664251908478 -0.16830965379977947 0.1170149946498018 -0.029741694003069696 0.11848451599106724 -0.04575604287087387 0.2531345867077057 -0.10965100066180966 0.14528467721761018 -0.2866709641930498 -0.10529917644188913 0.1381002446772044 -0.31289556773673155 0.37332423898635625 
-0.1882949762111883 0.19941727162724865 -0.1934793469276439 0.05366566349776791 0.16511766009864326 -0.07004687350657646 0.024688266333184217 0.0794259613470274 -0.0010744726864437837 -0.13710890446215984 0.054188064335276565 0.1198511698753677 -0.4620329063823263 0.3586133312306501 -0.1591529612248621 0.08610153313018643 
-0.12160172791709911 0.3592635111287681 -0.05090440926351825 -0.18313297599046496 0.18207687498672165 -0.061408793061680456 0.05886276085377773 -0.03277216380137915 0.05732162536432739 0.2260813910048185 -0.32650130394690535 0.2142725235620162 -0.2407484206928352 0.14544444387120592 -0.960239971402487 0.2047267886611337 
-0.07715482358173342 0.0471943584270168 0.04132729961077275 -0.1765170399339322 0.12752086547386154 0.02238947238606226 0.1189577040967289 0.0007322142919683472 -0.05410074505112128 0.16579439436591237 0.0022326782780695 -0.20480416745058871 -0.1255674588659561 0.3059845325547341 -0.006787467748887721 -0.2309292690368192 
