-0.5139138324569935
-0.6813039105476862
-0.6419325069261359
-0.6569932292188085
-0.6176879142168726
-0.6589503245850836
-0.6363501021860258
-0.6370439597019625
-0.6282915818428437
-0.6941720538349013
-0.5854753162351212
-0.5590985954322281
-0.6072215334554679
-0.6704263076074065
-0.6259522933746483
-0.6040856399146414
-0.641324436897827
-0.6385247387291385
-0.6377573062462297
-0.7202526039405037
-0.5747922197654504
-0.6444541421894762
-0.6442818954837052
-0.520283432413199
-0.6780989960349915
-0.6733791864275014
-0.7364142173731397
-0.6976710219877602
-0.6627838090264004
-0.7149319812727252
-0.6750784792027931
-0.7256892758642278
-0.6071840798306982
-0.6846266760686189
-0.6672090596782455
-0.7104372631327933
-0.5908028222301772
-0.5444357528687741
-0.5737676814435431
-0.5156034141470529
-0.6459964825127998
-0.6292680506024535
-0.7010113385021078
-0.5178197980087291
-0.5892113451801964
-0.6200708660223732
-0.5796243470667076
-0.5923164375135765
-0.5835734337335895
-0.6301167371966133
-0.6549993193853646
-0.6068808467815757
-0.49908168294176963
-0.5726842617449358
-0.501625856129493
-0.5740725021048386
-0.5716055368719488
-0.5866227463586444
-0.7450127939157074
-0.5482462423242727
-0.6560218127837808
-0.6526711122266015
-0.6008406238125157
-0.5558021521773834
-0.5079859801400755
-0.5840681021106718
-0.7015757403547422
-0.6261691750003398
-0.7361468640753803
-0.6694128613903524
-0.627381634395066
-0.4478787495872589
-0.5994449548819167
-0.49266598956773927
-0.5714779132847099
-0.6233180062387705
-0.6774437077374162
-0.5421059516218938
-0.6489961491025015
-0.4293255804104888
-0.5591332610584006
-0.5552355362493605
-0.6302389169127781
-0.5219602582080319
-0.5502990418775412
-0.5488357017699683
-0.6446803394917464
-0.6555591632853923
-0.6520900072318638
-0.6580202247419694
-0.6011177522695446
-0.6774632006738883
-0.6250310566186482
-0.6292194762533458
-0.6331567814775511
-0.6192956442465886
-0.6180488509648531
-0.6931007646020076
-0.5553757236630341
-0.6518150480824618
