-0.7069519688945759
-0.679795192348918
-0.6700856427734185
-0.6955509573770942
-0.6769040269028327
-0.676149114607415
-0.6893210538262958
-0.6930994499953607
-0.7652454304328161
-0.6636861203528694
-0.7017312380669929
-0.646828520292998
-0.6746251158572095
-0.6418863869730277
-0.6601240514143768
-0.6574610012670492
-0.6893017364715234
-0.6901285700628189
-0.7100494131085445
-0.6641542871275379
-0.6535629936550972
-0.67630807515945
-0.7257872411174101
-0.6872875589838983
-0.6742243192446028
-0.6728755385537362
-0.689939859208435
-0.6739422284810684
-0.6749790053405662
-0.7776828905353907
-0.7192613869726634
-0.7511222513358516
-0.6964164002262402
-0.6860348007284085
-0.6954941357813882
-0.6733915616902859
-0.7031962319480474
-0.7328364825770903
-0.7042914964509779
-0.7850260107575907
-0.6802188114458998
-0.6929684795690754
-0.660550482663077
-0.6692888481612428
-0.653423951036771
-0.6782834689968842
-0.667826058251908
-0.6661481761510064
-0.6765219807717338
-0.6566913574162228
-0.7089279045671686
-0.6633271694184364
-0.6519865845986885
-0.674295633916019
-0.68647717574034
-0.6819538511018826
-0.6776159035019005
-0.6743867655897277
-0.6770198252636014
-0.703799472880843
-0.7830928639627297
-0.7604050789746891
-0.6704223477539806
-0.661113254073811
-0.6802697476822495
-0.7072738986231875
-0.6519527581553791
-0.6929344485216998
-0.656196904464835
-0.6849408521079258
-0.6574601892085808
-0.6799803350048176
-0.6664264137559751
-0.7103074522163288
-0.6598183763805441
-0.6685693091077164
-0.6675853226662256
-0.6648952820128161
-0.6953602846170598
-0.76315158967424
-0.6669977060540189
-0.7715400528686716
-0.700625986715338
-0.647468546518225
-0.6854598235378507
-0.6589615459550368
-0.6982559741198029
-0.6702415563941283
-0.6606919160215523
-0.6761358971632827
-0.6888201874075095
-0.717912333642608
-0.6742590049832947
-0.7025816940772011
-0.7622727238673864
-0.6792827833718191
-0.6600190285557503
-0.6652959934198389
-0.6558153515415623
-0.7643609329266478
