-0.23761817095928628
-0.2284684000753955
-0.23005187712666833
-0.21251280865897046
-0.2678990406179093
-0.2283374609854314
-0.22906535479541687
-0.263614687774429
-0.2525061464538708
-0.19257415249616344
-0.1892068327064262
-0.22907896173020567
-0.25280314368844387
-0.21679902407170254
-0.2047158463125803
-0.19052303929210962
-0.25907902705538755
-0.2022369208979025
-0.22133961732007898
-0.19927837621500788
-0.1954758317579445
-0.20950235225158484
-0.21105272815678305
-0.22022496492749963
-0.21292044232622945
-0.1870960758808849
-0.21212054035914618
-0.22339181675204448
-0.2095995865185808
-0.24275475485340003
-0.23038162213444113
-0.23782228919864426
-0.25260715599489825
-0.2291324328030086
-0.26605462930925666
-0.18909589917738728
-0.20872539444929278
-0.24449019849116738
-0.22328419656188403
-0.23786750655608077
-0.23617979402667424
-0.207049578910112
-0.18137423479623882
-0.23041802002589912
-0.22147165536881522
-0.21508510139401413
-0.18865613044778662
-0.2401094670213802
-0.2400424297980017
-0.17720502217513745
-0.20805996220123152
-0.20183502555161906
-0.19927751433529184
-0.33072422957612846
-0.23362093814804102
-0.2080436386626102
-0.18893096939759327
-0.26559225409247383
-0.21365074114701177
-0.19935548680379597
-0.5176217598915053
-0.177481204124032
-0.21661892737555213
-0.2094632852464736
-0.22615043061377596
-0.25730976436680053
-0.25399323157878506
-0.21820465606536618
-0.1892345394463875
-0.23727319093355068
-0.22106918367363826
-0.20946711278489172
-0.3261340494044973
-0.21406146896276862
-0.1860533593825909
-0.28721045160536013
-0.2201389257035683
-0.23998778044552216
-0.20813163501583357
-0.22992121978317068
-0.2263249796890458
-0.20383708656869975
-0.22244433813729003
-0.22805882941559466
-0.21710694688736915
-0.2261297362784842
-0.25167351587863096
-0.21573821369487817
-0.17739250919074556
-0.23619148386292013
-0.2612876692164058
-0.23452163212291213
-0.19033548035056597
-0.20902005239574906
-0.32851270981106556
-0.20712660593528634
-0.26787727055913724
-0.25199435838785056
-0.23977951224509964
-0.2405224940611892
