-0.24290569468688797
-0.2882872920300733
-0.33001271079599065
-0.34668677432770906
-0.41039777475638334
-0.33258127279729693
-0.28510170391618767
-0.2844800380497312
-0.2524388760187169
-0.271406041948114
-0.2796755966331207
-0.2559635503999197
-0.38962269662763116
-0.23736766213381913
-0.27628232060466335
-0.3336186943653318
-0.27656730358948106
-0.3394499467756153
-0.3407654833470534
-0.293305744860783
-0.3932080260852239
-0.357953620592467
-0.2810735550375037
-0.25362893257152136
-0.2575323569413914
-0.2547436214859513
-0.31887601512394576
-0.3461065076388484
-0.3549682513132949
-0.32276088833918376
-0.3403438840981229
-0.3415834531349798
-0.4312306408213885
-0.37183093178106
-0.43191954735529
-0.3234497280004895
-0.3013597626477703
-0.38806380113338934
-0.26882778388799927
-0.32277018648505323
-0.26896567775757885
-0.3362022770999949
-0.32746263120990304
-0.3549435806375366
-0.2737756088603232
-0.18996663965795954
-0.34719665604321753
-0.318625227961069
-0.26725851468693257
-0.317458343634221
-0.26051266682615487
-0.26044652773298
-0.28775239885657233
-0.25531997528023037
-0.3091019728783734
-0.2325125067958398
-0.2507348035867313
-0.3644511361324795
-0.32746353565499126
-0.3357713469143406
-0.28068982239355106
-0.21872940736622956
-0.3357060893877086
-0.2640420980758127
-0.26347080593195593
-0.2188933723407388
-0.3439468667770142
-0.29320034317626764
-0.26924844129580544
-0.3276637271317835
-0.24542579198624012
-0.4209125957239426
-0.34731169148174074
-0.3056993196210216
-0.31275974774749454
-0.2776643246808271
-0.36865892660588695
-0.2648344938154929
-0.3660890707149055
-0.20723993530494486
-0.3225726771827435
-0.35248400678600816
-0.26841425118711976
-0.3060537206809405
-0.32741503154720053
-0.3049366176083203
-0.38940450641611846
-0.3257235368764652
-0.3288664894238655
-0.27141153414346647
-0.2806544752718558
-0.327444487885243
-0.3318852048824768
-0.3189241023266039
-0.35153076720045917
-0.3965449754726027
-0.355254552658479
-0.3990229463043019
-0.3827282291063799
-0.26832073768598913
