-0.0002183370474009068
-0.0002088117196736459
-0.00021097375914774858
-0.00021543539323518174
-0.00022979173281095723
-0.00020088195647398037
-0.00019650109180576465
-0.00021340515023347904
-0.00020312879946140394
-0.00020462535503336618
-0.00020184939309926734
-0.00022768055203013562
-0.00020167340983477224
-0.00020341433809943925
-0.00020027629355480708
-0.00021216463239542263
-0.00020462094003211612
-0.00022771911508339735
-0.00019808628847840267
-0.00019904099452491304
-0.00020374718228472315
-0.0001991539118331066
-0.0002084037114613027
-0.00022097961967137294
-0.00021244198262527475
-0.00019730935355510265
-0.00019820093193639605
-0.00020314439451090988
-0.00020390329328501874
-0.00021372004767887886
-0.00020669109332142443
-0.00020465119094101994
-0.00021866004710513386
-0.0002035635120970138
-0.00020408653181861472
-0.0001975887162513186
-0.0002005263449595362
-0.00020087981973056893
-0.00020085223301410493
-0.0002049365002235003
-0.00020328380107614312
-0.0002034407863134784
-0.0001975201253999031
-0.00020549260568445226
-0.00020603734044975398
-0.00020643928768384815
-0.00020281345000487517
-0.00021555362009515505
-0.00021530694899283558
-0.00020299375193025032
-0.00021507196946788057
-0.00022443480976775025
-0.0002092598605792711
-0.0002036453913735718
-0.00020090687692425328
-0.0001990350180350867
-0.00020016130591672397
-0.00019848973142041224
-0.00020667987280063123
-0.0002155103718566155
-0.00019843179043966462
-0.0002013568116174253
-0.00020598190713744604
-0.0002052147480283622
-0.00020412926757493256
-0.00020485957770981892
-0.00020088156766318306
-0.00020580902361331385
-0.00020002288592584885
-0.0001988483302678391
-0.00020456421369461557
-0.00020571349991411144
-0.0002157152352396765
-0.0002193908612727081
-0.00020036667434901643
-0.00020958735939696345
-0.0002009199914329713
-0.0002012124269820264
-0.00021251396211865664
-0.00021083936243269995
-0.00020162711707379284
-0.00019925994862314428
-0.0002124691485343892
-0.00021117804360257976
-0.00019605163614895365
-0.00020261495896162907
-0.0002034634219632043
-0.00021174402746875534
-0.00020794015448833683
-0.00020197324344471202
-0.00021106324714600266
-0.0002047958516245959
-0.00020004086960663734
-0.00020102860871731368
-0.00019657992235624846
-0.0002022032553849848
-0.00020154291454825885
-0.0001978295169766588
-0.00020178420209107536
-0.00020108783894000462
