-0.0002040997366324711
-0.0002087955007401567
-0.00022400420694668256
-0.00021027852975729613
-0.00021237590175627759
-0.00021156061427504306
-0.00023171281503418754
-0.00021014101741305416
-0.00019612215006294562
-0.0002180741081460647
-0.0001974048068315424
-0.00021738592847641842
-0.00019888361969875137
-0.0002186758517585243
-0.0002176677148611792
-0.00021174699965386884
-0.00020086830931457565
-0.0002078926371013102
-0.00021101945313514066
-0.00019006474493923572
-0.00020210165436926748
-0.00021636385405268238
-0.0002187667235739735
-0.00021404056769051716
-0.00022551263323124454
-0.00020992818395758556
-0.000216798239679471
-0.00021184750390681575
-0.0002256692299562346
-0.00020702212478231256
-0.00022303663259690113
-0.00020070650134070475
-0.000216672346224937
-0.0002025580525730166
-0.00020227792229864637
-0.00020077349081634228
-0.0002082630884357765
-0.0001980384057387375
-0.00021013257019043138
-0.00021190263453707306
-0.0002102928202794759
-0.00019968032751323372
-0.00021026864817156216
-0.00020086572732473762
-0.0002201680480879702
-0.00021813396566020384
-0.00020990540565042837
-0.00021143344964176408
-0.0002148043178755728
-0.00021639016477517016
-0.0001938191798439979
-0.0002081292217590898
-0.00020640767485030685
-0.00020333949835843603
-0.0001952838232383581
-0.00022057521678964318
-0.0002018101446444616
-0.00020843575821391391
-0.00021290256146087506
-0.0002216355541405703
-0.00021234152359999998
-0.00022200790674367643
-0.00021837680198708075
-0.0002099605562943424
-0.00020949939551025322
-0.0002104878669058082
-0.00020951593433942396
-0.00019761151851389408
-0.000209167594293109
-0.0002178517568847807
-0.00022183426686967484
-0.0002180204715296109
-0.00020580396597947909
-0.0002121714346933256
-0.00022920625280589986
-0.0001998489287973413
-0.0002174439496478316
-0.00020324086038383282
-0.00020974082565315485
-0.00020643822540178782
-0.00019596194090478093
-0.00021539075994802696
-0.00021015008805010067
-0.00021013279216496665
-0.0001905383559665067
-0.00020226772310063057
-0.00020372662609793765
-0.00022104223258151247
-0.00020283945504973331
-0.00020786810940596538
-0.00021307878165278426
-0.00020539216177691314
-0.00022280601534295646
-0.0002071548951685996
-0.00020869717525879352
-0.00020772725574948235
-0.0002051020417788403
-0.00021319505004644763
-0.00022346467449518652
-0.00022459665184696874
