-0.03708043593552327
-0.037517359052306555
-0.05726500097744747
-0.04418909467218885
-0.03578718198291297
-0.03621367671858482
-0.06637121176626154
-0.036295222926069515
-0.03548168970349055
-0.058256715419659245
-0.04053472812697932
-0.03580235707250239
-0.04174082036550247
-0.06346967693428684
-0.04354492929802465
-0.03769864921918616
-0.03610280209221109
-0.03887585700436208
-0.03494797571679976
-0.05647387809465453
-0.0341583610926919
-0.029390538243115813
-0.031358426826939075
-0.07544851031731188
-0.036906489260963876
-0.03654136195800146
-0.03393451146984216
-0.05348996675215391
-0.03682502853560605
-0.05123787621802741
-0.03905341049882648
-0.02462453642534543
-0.03913340359551743
-0.03511350659965318
-0.03469175048601815
-0.036886223534412836
-0.03992601262434694
-0.03719359575935149
-0.0409490767542191
-0.04169878394052014
-0.03751878652203646
-0.03508847715752667
-0.03742801034830533
-0.03595869430191426
-0.037732905245063265
-0.05573889181827098
-0.048236888332685954
-0.0358173589559259
-0.036581759082823045
-0.05563021088653233
-0.038871250159265916
-0.03726859242979053
-0.04301856658465779
-0.04609215662263524
-0.04314509943187875
-0.045807282078842285
-0.034185791153592986
-0.043678974617801195
-0.05014069113196992
-0.036819890597629225
-0.03759570452814909
-0.04193968182502389
-0.057819422746066114
-0.03365222953639143
-0.04295591438734402
-0.03729879428982083
-0.03578228598528947
-0.038005137989587504
-0.03872721964999177
-0.04854420731901396
-0.036800415947506396
-0.057543014199891634
-0.04106181463104713
-0.047941488855107996
-0.043679858045220815
-0.03520858561429108
-0.03893036786453432
-0.03708717716190505
-0.03641301463531093
-0.04171442287116613
-0.05022480297218263
-0.033949630807840844
-0.03735645056713466
-0.04001584826040714
-0.03616969419473699
-0.051324587622573956
-0.044453996588623916
-0.06331566920906671
-0.032815947738629336
-0.054663513982965296
-0.03481937489415611
-0.029412340494672666
-0.05610014687474403
-0.03616482443240855
-0.0390141916252436
-0.036867174774464787
-0.04612156246122623
-0.036556469816782546
-0.05879454141171268
-0.046476264075558375
