-0.04332814142769476
-0.024406274553599838
-0.06938829017946554
-0.05259921265737473
-0.036814426035677104
-0.02444486340479916
-0.06243418778833707
-0.061145714295071825
-0.03561192874148036
-0.0755312990178934
-0.033300292705327146
-0.054294998441765385
-0.041782995289058794
-0.04246503745228186
-0.07519050917734472
-0.08337644078242737
-0.09917051259779504
-0.07670265102272451
-0.05102194170576826
-0.08050481056938019
-0.04292068107839496
-0.030552541539758
-0.062023874746521775
-0.019574684675504207
-0.046649197802427315
-0.06609256703421654
-0.08112328977721785
-0.030886332141929315
-0.022726588402439775
-0.03038704410043226
-0.031234321777169283
-0.03934456789851444
-0.054222242353986025
-0.046402366302676405
-0.021541871441941002
-0.06353027270741303
-0.02363990334665679
-0.05694367230438231
-0.04769463107536217
-0.03843935444939227
-0.07498645936570082
-0.054902687102993515
-0.050132841733389714
-0.03728864828944872
-0.10086634875356157
-0.032376495717831494
-0.038994425414183784
-0.062084195510256596
-0.09734731465777735
-0.06174345319890943
-0.04331840017325347
-0.0690467999469732
-0.06663596587243875
-0.048349569381494324
-0.06119185466898335
-0.04906640961680844
-0.03608579464591327
-0.05566626369511484
-0.03416917629337323
-0.03462864661317672
-0.03632691630060354
-0.028104402664047234
-0.06488521137171116
-0.049206564577395244
-0.08119795774084543
-0.062221034993142375
-0.1613986984230485
-0.026133840355127246
-0.061863998159826634
-0.06543392747307951
-0.06365361775509375
-0.043101346076293595
-0.0306315571403829
-0.08782032107407327
-0.08917743900370476
-0.029701977305678997
-0.05593845189053767
-0.0528973551246749
-0.042153551023155295
-0.06586164823812292
-0.04955861349985619
-0.07871145047521079
-0.026704859894038518
-0.04583691971217863
-0.04176066931206144
-0.0579388280428264
-0.07222364661787206
-0.07244815609795835
-0.0697474236431613
-0.08093841701175661
-0.0772767167405789
-0.02342065746055671
-0.06194640469602924
-0.04145648398372713
-0.044209589566789075
-0.07564623153037912
-0.07846455101618077
-0.018186937992824906
-0.06459387342751845
-0.03946420476677288
