0.01236554551663863
0.001419880336565038
0.0013403763698280364
-0.0011385092763032004
-0.0001314088156928761
-0.0013066722003174617
0.0018245494072443185
0.0008708741416349224
0.001798379464859956
-0.0016907631162117601
-0.001275168567355807
0.0006108234199904673
-0.00276715324646187
-0.0021156675956047325
-0.005067784109634821
-0.004219148682224871
-0.0018510039213504022
0.000666652993780463
0.006326710920920321
0.013281508595054007
-0.0010550931196701091
-0.0015135897333731117
0.00012342571963066924
-0.003585481718245934
-0.0005441882803767686
0.006703759717102008
-0.0008275250617533753
-0.0035963402376809166
-0.0017410687545266778
-0.002518196943530026
-6.541096965317871e-05
-0.002671244901931211
0.004346712463080974
-0.004286316829534474
-0.011962132086780672
0.023132974223935412
-0.010721463813973948
-0.000823134593603644
-0.0014987550313946935
-0.0035932594081749657
-0.0004253368106746574
-4.8819094882795734e-05
0.00048660367411357296
-0.0001663293823002165
-0.005731186172314486
-0.0038424212658823603
-0.006787764390931547
-0.012817309650518239
-0.001825550395129457
-0.0012423039531281024
0.0012332435528088113
-0.0006150464671003979
-0.008494069267449849
-0.0018078238240177922
0.020493742789014023
-0.009488944817159001
-0.0026774379339769942
-0.0071030709486893375
-4.655640225113189e-05
0.01318526380084
0.0019882059605982137
0.0013917372743828906
-0.00048797813448735254
0.00072515737534687
0.0018637802506775772
0.0008178504982904357
0.012311682187165683
-0.0007880652390386305
-0.0014714376694064098
0.007592843208238932
0.0012852089648131711
-0.002790457809018296
6.870936679682521e-05
-0.002348939557139741
-0.006014175558588343
0.00950671045257792
-0.005073936383569487
0.0005522337677873527
-0.0013568015181520399
-0.004864449922132115
0.0029141265127823274
0.0034048231022677238
0.0066350669520303775
0.00031441838340875273
0.002726816589016699
0.005277351967233028
-0.0024738586399520248
-0.0005194513725105576
0.0010569453711049225
-0.0020817718151343975
0.001310066046455039
-0.006076051891636395
-0.00017339261238979737
0.0014028565076165164
-0.0027844188172127236
-0.0013070715564129887
-4.150089448307814e-05
-0.003791927579650743
0.0001842697017699706
0.004654423133196364
