0.011256702506828267
0.008236247880558403
0.010256218594858549
-0.020941773821561593
-0.05317957200624793
-0.1189599129528739
-0.00245060365623845
-0.0844430714463622
-0.014314052361011114
-0.007534882303363468
-0.010285468571257074
-0.013036300199981919
0.010761709237981141
-0.007092659578835137
-0.013957131229066782
-0.00965605465095556
-0.02272237194846436
-0.021117727251161234
-0.0200217844915295
-0.014018174131469977
0.005603851009749462
-0.0026148645975529144
-0.019408120193693458
0.0023906529948829417
-0.02270880704026871
0.016131594774646554
0.008810202556255932
-0.006985850400825713
0.012263068452408772
0.011625114211212161
0.007566354640086425
0.009465287825399927
0.016952101468561746
0.008774406544532671
0.012608119636750473
0.011703478558756733
0.005360260680468085
0.011252907067212525
0.013806331802224077
0.013669064213367709
0.01499507327807045
0.006582922025086451
0.011454263540421263
-0.013311836475953298
0.008768951083358727
0.002185188525156842
0.0007408366203359973
0.015236548472619557
0.008233041243018857
0.007004376692296457
0.0007914763586470633
0.010665658119313252
0.009853746702278053
0.01860800172612301
0.012256923746434917
0.005507209295805317
-0.010268067656257391
0.016119859516931054
0.0005199611701689973
0.009472404014368408
0.00213085341847205
6.584306691149666e-05
0.013633444194386071
0.009972232481985397
0.004960827828893444
0.016832440869788176
0.014838474722335107
0.007787159246396475
0.01315358614474675
0.004387967195562815
0.02027071531257457
0.01515026650528147
0.017288048803834943
0.01575761314727281
-0.0012612089707864955
0.015206039484687984
-0.001312425421006208
-0.023890341587761963
0.013451303244038397
0.016519451031909736
0.008433861404178502
0.0033577414185798154
0.009274669793717837
0.014757130177047056
0.017305309285757856
0.006558793299109846
-0.010606178403075536
0.011518173042857712
-0.008134867898527041
0.01043234612632101
0.012100747796974473
0.01607422218010074
0.011765570187067172
0.0020930709936442878
0.011186389126797227
0.0008168807580163707
0.0018909522757871774
0.01605743584031604
0.0033507936754066307
0.005769856377453723
