-1.3589647414176036e-05
-6.931114228100075e-06
-1.1640207649968118e-05
-1.3771741039542496e-05
-9.296308174455964e-06
-1.1427874097015208e-05
-3.541307982485651e-06
-1.5833946729392228e-05
-1.38634156831592e-05
-1.2769156136097072e-05
-1.659632797100061e-05
-1.777497339334495e-05
-1.619332773015047e-05
-1.2636936156885074e-05
-7.538554191523708e-06
-1.1408425450404151e-05
-1.007592125438225e-05
-1.676241560131804e-05
-3.2717914154459925e-06
-1.1959739094471311e-05
-1.5992487687225238e-05
-1.2788314348438935e-05
-1.6004444161667703e-05
-1.5509782434254696e-05
-1.1931302867974474e-05
-1.5361929735211326e-05
-1.3174756435644108e-05
-1.6187858074762787e-05
-1.024423372705395e-05
-1.6651952825168063e-05
-1.340601161538294e-05
-1.6133128675671866e-05
-1.764150699744758e-05
-1.4069589903285437e-05
-1.85578848537578e-05
-1.5048567874763906e-05
-9.791738872991799e-06
-1.4541542475732485e-05
-1.1870057544534702e-05
-1.5296147480299766e-05
-1.2515612255948578e-05
-1.4136929180855915e-05
-1.4812763965703676e-05
-1.7423376711339104e-05
-1.5412412499890356e-05
-1.5042621865090192e-05
-1.3760664055900275e-05
-1.4501430338871756e-05
-1.2523252942821651e-05
-1.3846792563261894e-05
-1.2981484085943975e-05
-1.5088426132518024e-05
-1.3463281535773367e-05
-1.1290526402774274e-05
-1.4171992629795275e-05
-1.5854956250067483e-05
-1.3390927049961256e-05
-1.4173524829790319e-05
-1.6686988853474733e-05
-2.438350176393311e-05
-1.4434406333673253e-05
-1.7963940312501065e-05
-1.3077858644806408e-05
-1.661109016753793e-05
-1.6172565314914764e-05
-5.3193655157075645e-06
-1.5890118755758383e-05
-1.751002020628019e-05
-1.3253501718963214e-05
-1.4381821230003458e-05
-1.7479282360117556e-05
-1.28863393106366e-05
-9.25082993235085e-06
-1.3312775776939367e-05
-7.895470933283634e-06
-1.3523670790459009e-05
-1.0961564402639134e-05
-1.9361275818367657e-05
-4.406052926435658e-06
-1.40603178831118e-05
-1.29767435488572e-05
-1.5323234323369927e-05
-1.7494370641472462e-05
-1.4067611261964977e-05
-1.662287540714126e-05
-1.6181877352749258e-05
-1.5184131462254925e-05
-1.4005834947153465e-05
-4.8495568839506205e-06
-2.9046980441291145e-06
-1.2599795616482201e-05
-1.3122395313385387e-05
-1.6433217551333444e-05
-1.5296839184255323e-05
-9.009411440506386e-06
-1.6292064632272257e-05
-1.5714217976285617e-05
-1.3236100762868222e-05
-1.5560152677055802e-05
-1.44642550235698e-05
