-2.218653724973508e-05
-1.0189591649353523e-05
-1.3582696090719389e-05
-1.2207053521403789e-05
-9.681725553364426e-06
-1.041529736017819e-05
-1.2167266929637101e-05
-1.0081742192548568e-05
-1.187291965524816e-05
-1.6615975896946678e-05
-1.9533714259594586e-05
-1.2684199777172768e-05
-6.026906559144024e-06
-1.1664321482254712e-05
-1.106277942683466e-05
-1.7669305456172932e-05
-1.2913055234041551e-05
-1.0620115826507895e-05
-1.8935009139970533e-05
-1.5273324669620203e-05
-1.8483880975704157e-05
-1.6301474195353152e-05
-1.0808769772831795e-05
-8.567265718558364e-06
-8.626501918353056e-06
-1.016054255520862e-05
-1.5471379683479574e-05
-2.0605888228437345e-05
-7.448966252209489e-06
-1.2325482854143807e-05
-7.586910097154203e-06
-1.5006372752173769e-05
-1.591036605809583e-05
-1.1060063070537343e-05
-2.9146499772137093e-06
-1.3528744502895385e-05
-1.0438872589810443e-05
-1.2367000932037164e-05
-6.838444826059091e-06
-2.1478797191100154e-05
-1.5615297603365297e-05
-8.002383320819692e-06
-1.7521123701371138e-05
-2.1802741409775044e-05
-7.772935057072106e-06
-1.194602834539234e-05
-1.1981964448661026e-05
-1.0585169977662028e-05
-1.207665442239893e-05
-2.013317372890218e-05
-1.068409370055903e-05
-8.134132515012105e-06
-1.0315014809846883e-05
-1.0302204352710886e-05
-1.3190381076385612e-05
-1.377317353286691e-05
-1.5742234489115367e-05
-7.603558374066209e-06
-1.0119943438259657e-05
-1.4614527323429847e-05
-7.734415494084077e-06
-9.167267724037037e-06
-1.1584835883775531e-05
-9.984640240026571e-06
-1.4253337422005859e-05
-8.36553392966934e-06
-1.1036045108636662e-05
-6.466056490136174e-06
-1.1743460731691584e-05
-9.21319511150509e-06
-1.1651670919430022e-05
-9.524146319024697e-06
-1.2802821244056819e-05
-1.4947064711101638e-05
-1.289377100532228e-05
-8.26142927153707e-06
-1.3497310506262244e-05
-8.554636631291905e-06
-1.419555056205156e-05
-8.32767396725331e-06
-6.052040128203194e-06
-9.249202067188081e-06
-9.400137568592341e-06
-7.5931994423484625e-06
-1.596023762630005e-05
-1.4681518000304589e-05
-9.932751472312365e-06
-5.619350092671216e-06
-8.245853601089553e-06
-1.491615829844993e-05
-1.1492203730848358e-05
-8.684889955672233e-06
-8.880767171573e-06
-1.2662601975179612e-05
-1.0339124214482152e-05
-9.866337973294985e-06
-9.246933276782732e-06
-1.3529438697962504e-05
-1.0163769961712829e-05
-6.725731231938743e-06
