-0.508145494207465
-0.5607999386869327
-0.46124441910395664
-0.504320528039212
-0.5337762558905812
-0.5673463628949007
-0.5105357768704049
-0.4673431736019519
-0.5006206314385397
-0.5201157648997927
-0.5233041214204321
-0.4918529399886531
-0.4961262079829766
-0.5112916827863675
-0.4792687910420316
-0.484998470639727
-0.45287866016786704
-0.5536697290646206
-0.4977484538658752
-0.51407528443457
-0.5212575726353745
-0.4863641357826816
-0.4517524755425925
-0.4676369324569035
-0.5046741384390978
-0.5347868895129149
-0.5096988146547193
-0.44070090776926424
-0.5241015616211989
-0.514903823883876
-0.5330421923711886
-0.4636661463878799
-0.5380926757008789
-0.5109627226011163
-0.4870192727274067
-0.4570232252268932
-0.4741400564646058
-0.475821146857807
-0.5219219632506276
-0.43820778036877955
-0.491443186202607
-0.5760949760494519
-0.45672592875261253
-0.4688117695487727
-0.5028118334099234
-0.5450573225044987
-0.5178650163859864
-0.4925853615779148
-0.5045821006140889
-0.522870382645784
-0.540552013391845
-0.5322220085660558
-0.5121573901822112
-0.4643763454899632
-0.545742195151472
-0.5100372968775103
-0.5067994118979716
-0.49656215427148537
-0.469450190927547
-0.529689042702275
-0.5076455072428783
-0.5038042489687988
-0.559452460953057
-0.5246910118078656
-0.4799511021963308
-0.536912869387559
-0.49447297211466573
-0.47669386979175654
-0.5043193402630244
-0.5153627107591006
-0.5233325734722123
-0.5024949199317137
-0.488640355392184
-0.5084684851881582
-0.5133726989192982
-0.4849874359043989
-0.5246311605188569
-0.535249694503214
-0.49169295051270795
-0.5295485424292714
-0.46390651030605295
-0.5324672624929193
-0.4957726215138513
-0.4472045017653587
-0.4953574795469627
-0.5059419764294103
-0.4713857865948871
-0.4546005274373231
-0.4821124148937212
-0.44905262736712054
-0.5080025184427621
-0.4867895177887238
-0.5094888695407777
-0.5044742321691007
-0.43718547728482526
-0.5076622598776476
-0.5110923742829028
-0.5467267370855959
-0.5260016228885317
-0.4772690972081264
