-0.4696167092502753
-0.46444813582580874
-0.5794716789819909
-0.5158017346490062
-0.5073774655099438
-0.49168792024785457
-0.5030495623265397
-0.5433901510821221
-0.4705921297076605
-0.5046380723874416
-0.4937519620210401
-0.4805183249070525
-0.5019169546516584
-0.4856667817419704
-0.4481375772065733
-0.49275785670143046
-0.534208914265155
-0.4625323448260269
-0.5205729072821027
-0.46031108703029194
-0.4853475375460527
-0.47640459488646686
-0.49501176881939285
-0.497739657419056
-0.47845525612949913
-0.47142237761839334
-0.5278871187674856
-0.46329570965323175
-0.47833628369931736
-0.5012234225369775
-0.4467424068497007
-0.45389819403026543
-0.46994225884112617
-0.49784304167847376
-0.5392571100960519
-0.5175633968764191
-0.48186500422090794
-0.3837501732832133
-0.5750940051414407
-0.49763640661674585
-0.49082554924919963
-0.4678934820723702
-0.4741969423349266
-0.5094474697313122
-0.48268738283719476
-0.4907175051933723
-0.4956498914559778
-0.5028628315229864
-0.47569374698070616
-0.4571212797083625
-0.4486824180353634
-0.5029488796664696
-0.5003890596447853
-0.4552318191202566
-0.5098511456413723
-0.5221456330699881
-0.42963583529875315
-0.47545332659273126
-0.46796774288595067
-0.43579262859072215
-0.5001186491120359
-0.49741433346390024
-0.4840325193094511
-0.5170835202666788
-0.4916458392090057
-0.46309044462078214
-0.4759240891610174
-0.475619426415456
-0.4995395872730568
-0.48367475948616145
-0.5196065910911015
-0.5308374933237714
-0.5139293616348402
-0.4432772037354014
-0.47636425794209286
-0.4386078920440513
-0.5374766653251756
-0.5159489579814762
-0.4999041282772111
-0.4852098570072389
-0.529845266500076
-0.46957177851579696
-0.5061254281156109
-0.46897005119702206
-0.4585947470174407
-0.5026544557818067
-0.5047308512792656
-0.5130545980136775
-0.5469440228312833
-0.5322308487938557
-0.5123929859362654
-0.554681357689582
-0.5072542913714682
-0.4799558261763813
-0.5004621619609344
-0.4741998273115078
-0.5280768125721849
-0.4724212941689474
-0.48199842866285786
-0.4721714652665717
