4.844044437953153e-05
4.4862788544150656e-05
4.408600412505976e-05
4.931816329955249e-05
3.9145974570258145e-05
4.6960616397305686e-05
3.5955936481118195e-05
4.110642584773504e-05
4.485811225425241e-05
4.0080573434179185e-05
4.42402224290465e-05
4.6312801645454885e-05
4.2028912228002695e-05
4.306807013716233e-05
4.710806765006764e-05
4.193604547765003e-05
3.849824593885511e-05
4.084971539145404e-05
4.182313360411652e-05
3.986822171430027e-05
4.178181272106296e-05
4.8231231424976235e-05
4.0038197547736306e-05
4.269994736613072e-05
4.086623388030018e-05
4.410208025296418e-05
4.79809782704801e-05
4.8137639868013674e-05
4.639131705555455e-05
4.3927279348549414e-05
4.085494267582464e-05
4.45758078091065e-05
4.641095211630825e-05
3.9343559663664383e-05
4.410568451680644e-05
5.0352226983417354e-05
4.554309410429934e-05
4.157861349027624e-05
5.113343048400572e-05
3.643871064052914e-05
3.989583180473502e-05
4.70424153690858e-05
4.6353096109255545e-05
4.459633950535367e-05
3.95828286865174e-05
4.355882871894791e-05
4.6268488683620525e-05
4.464050065607383e-05
4.480959432811658e-05
4.8960986550545865e-05
3.998706102490484e-05
4.21322970801679e-05
4.311718691170911e-05
4.605014154778126e-05
4.253376017284515e-05
4.614171614133759e-05
4.3620373016234396e-05
4.955267682753004e-05
3.7840139165697836e-05
4.078760208505395e-05
3.9591101898730076e-05
4.5351261949335825e-05
4.966872355607516e-05
4.029561781912779e-05
4.7519482494291486e-05
4.4276599513502374e-05
4.138841489408087e-05
4.571056262544587e-05
4.6112588001081305e-05
3.7006677121760013e-05
4.096741276205463e-05
4.2344929272386064e-05
4.7625433681387574e-05
4.0117159694022324e-05
4.842239175072253e-05
5.13675091521457e-05
3.991864648415203e-05
4.246921923777508e-05
4.2968482291466955e-05
4.394330637871319e-05
4.671671187103012e-05
4.84076334765631e-05
4.0940307026188826e-05
4.81888794954409e-05
4.838468212166987e-05
4.81048639242717e-05
4.310884084761794e-05
4.077710001601191e-05
4.086904893385258e-05
4.4737297810610925e-05
4.7412739372962736e-05
4.4142185394927e-05
4.6952381915722186e-05
4.717752800151442e-05
4.575889668272909e-05
4.311677682363504e-05
4.518704351964908e-05
4.9866683861556555e-05
5.047441570644249e-05
4.4290058068590366e-05
