0.03192879654966367
0.046077268333503105
0.04339537648904137
0.022953563022607308
0.0235557093819442
0.005474522208949463
0.020120309251603463
0.02167632059496221
0.022497127547554504
0.024651075975188362
0.016635987448988487
0.007609790203680291
0.04927695082566564
0.0073057090486972785
0.004411927166855958
0.002154748021396289
0.018668951226218172
0.02384663282754726
0.00779309660254225
0.01265556385179525
0.013669384606555044
0.012942182373515248
0.018981559474009733
0.04624553007261862
0.016797175074110573
0.03591835006187603
0.04216567532963825
0.04704552949457202
0.04545335424523161
0.051327035708969945
0.05030666320615648
0.04034227540560455
0.04816558064673009
0.04619278514630011
0.04393744959052942
0.04047609610682735
0.03106476850628748
0.04347022062541088
0.045059210519902464
0.04476528526704739
0.03598082133466482
0.0356584898642388
0.04563166087249268
0.03385626386314113
0.04796927299831592
0.04455594376812458
0.04664726458565502
0.04614935242380627
0.047979747930509326
0.051540600359662195
0.0463536314411605
0.045959277949478426
0.04761184080400492
0.04805396403896499
0.04708164247940295
0.03657370392730976
0.04656234572089397
0.04648594361513773
0.04672402728117968
0.040796305145656804
0.043389498440146196
0.04753317110768101
0.03774829830142969
0.050164231518644076
0.014125368151774237
0.044796475846950616
0.04643204480904737
0.05142678495993969
0.04619729544771446
0.043935505499295105
0.04922318004950596
0.04529097978955101
0.04713556347373476
0.047159600833467666
0.031231665673980558
0.024077087959431146
0.035938596705843893
0.04723032763486074
0.04716618385332674
0.046149549490022874
0.04546879249728069
0.040425115191298384
0.04643935269685807
0.04680931693090494
0.04049309228916538
0.03405834897827213
0.027824221502251847
0.046766360794776904
0.046824823980536785
0.04357050037383818
0.039870121794268513
0.027641324716547785
0.05061284033554079
0.04501089453211159
0.04528549132499554
0.05014057121478916
0.04506721458290594
0.04740879521963099
0.04546269337905873
0.04795861649941061
