-0.00658426099355309
-0.04246080647584295
0.015078853434307357
0.026143436155718375
0.0002853914932036326
-0.008508276177335718
0.0063040706921853075
0.014685207443565888
2.2937073624681707e-05
-0.022411038001051604
0.023022565123574448
0.006617005791167223
-0.022747244136863194
-0.02553877862626433
-0.02026292880129347
-0.014344805793482433
0.02393828526980778
0.007229199562123057
0.026591452610811105
-0.003024481169489805
-0.04350959843794805
-0.008648588746033426
0.030272952024851973
0.009352649565304653
0.008323252468731062
0.004627673817878069
-0.017785041919239727
-0.01273497605404551
-0.020583104872240403
-9.019226487832e-05
-0.01237223312534101
-0.017917240782105593
0.00024347980796462536
-0.03858097764369598
-0.027891472621856084
-0.015158060936494385
-0.005069607964621299
-0.024170156215066678
-0.023763445247133714
-0.025994394913538457
-0.028168716044991365
0.004218231651669544
-0.022921174040498912
0.020271862136183122
-0.023612369208685213
-0.03084558540189691
-0.029782896000689205
0.022852345452290094
-0.015076547605817614
-0.004675857618828906
-0.012968451771235982
0.00036954936282653254
-0.003724151569094828
0.015959970345808903
-0.06174552675441768
-0.02349349773191827
0.017433313574196068
-0.03626848219911038
0.010335878360348745
0.0032908466317738
-0.01833101651053107
-0.007441578867894697
0.013115875779571096
0.010885814730139144
-0.0015114918703585773
-0.008977366192293165
-0.014247668635458684
-0.010070421812671775
0.0009479846050236876
-0.0011324308791429345
0.0038866782304228615
-0.005901734797426608
0.007105553114230452
0.0015308368638125894
0.012177122737382619
-0.01925845390918377
0.014576351678180912
-0.02078726352979564
-0.001319959258484792
-0.013087269614722674
-0.016181436483251526
0.008247314840569803
0.020214846050583504
0.0004501089618030819
0.013231392932184657
-0.0009691929200864612
-0.020192471853579627
0.004644081043364869
0.019789625049112206
-0.005241031919913862
0.0038728360331610175
-0.018993584623262158
0.029440883993690766
-0.027252992513963226
-0.041394330440088625
-0.027475419012118425
0.005407625110363514
-0.03529158554724537
-0.000492691622115549
-0.003778746916484747
