0.018414414096027322
0.0216062970426626
0.01703286108102736
0.017016533396947746
0.021508696080858928
0.01919009685821859
0.02174662357473545
0.01897435933345042
0.024044917405947518
0.02117411784639959
0.021704162762862002
0.022327267616754416
0.02116658703733567
0.023757638918431054
0.0221465244690594
0.006859295687054864
0.021246758634183727
0.019176753836535818
0.020006255109706838
0.028503854329911166
0.013100547217905475
0.013671231911024902
0.018928492162089788
0.02512393705491356
0.023129521357933617
0.019571764167757463
0.0203155083447965
0.014334823775833986
0.0216598440970817
0.030474700841429815
0.016084266137328825
0.019669671091653566
0.010977798544798972
0.01811302407867605
0.018825179819534448
0.014555917373629598
0.012379785203365166
0.010649499255629026
0.02030376712592851
0.025899853931444453
0.02276436713331593
0.02221695656850756
0.028115030485386782
0.02338922427565794
0.019823247572517893
0.022816567520701082
0.028997582156655537
0.01989507312686583
0.017237609356738796
0.01793917187012649
0.0177337347020749
0.02018958280635451
0.012324542939417947
0.02136638337720435
0.018595400469456926
0.009689389679851185
0.012866589631129714
0.022483156760047404
0.02699751887501539
0.021598181133681768
0.012916098432702663
0.021083587148875822
0.006751927436570323
0.01223786984663244
0.024446717593298806
0.02773012794992313
0.009579330053911504
0.023571903852046598
0.027290120605308985
0.013611062698818168
0.025399172619327854
0.027580510077351156
0.017170539787305567
0.021633976688102654
0.023160262750437238
0.01286983785396065
0.024068193080335466
0.019846886959662004
0.014847631942044182
0.0180459208789596
0.012145725937023236
0.01939977318301053
0.013162453838897144
0.020022669114439055
0.022520320077191004
0.02837202580045005
0.02646984481649193
0.022135472979550458
0.022219481401009215
0.02480704249869258
0.028498613340770855
0.01746455142438899
0.020749840611079953
0.019867780727515
0.016599258874751537
0.024036985435396653
0.023698462978554168
0.02879469272483279
0.02336560059066034
0.027833793978205058
