-0.18368178533657833
-0.18581191279968634
-0.2098149925654643
-0.18059884640761856
-0.18198880405351725
-0.18520769538713172
-0.18546363856786882
-0.18414790100774933
-0.1859621551730295
-0.18671413106197632
-0.19095077278653674
-0.18703444914051498
-0.1962472373247098
-0.1851675031764249
-0.1980974022905497
-0.19778343042822766
-0.18497521582417076
-0.17994877950576194
-0.21114338659974574
-0.18973956257572364
-0.18508543214038198
-0.20589414100562037
-0.18927423980082553
-0.1895086735162167
-0.19312967235908038
-0.18086374241454814
-0.19063015744319473
-0.18986605779806673
-0.19248030225798232
-0.19761222958044453
-0.1823518107262459
-0.19196374282469292
-0.18773553567192616
-0.18942164765106972
-0.1917182640420671
-0.18554771703687062
-0.18290158894676137
-0.18340142592436928
-0.1805701530581398
-0.1827921931887533
-0.1819940358921824
-0.19970966240757146
-0.19268297018961006
-0.18718033973178191
-0.20262111985911704
-0.19383493400607982
-0.19583990983823193
-0.18227840277583712
-0.19525372871618155
-0.18956373672571997
-0.1859187803275621
-0.19088017743173497
-0.1834095420315521
-0.2086688744713619
-0.18044428691464898
-0.18021970032271573
-0.18688841348216725
-0.19903297634306324
-0.2030798831413949
-0.18807275343320803
-0.20989627441310213
-0.18785400067615213
-0.20407595003751908
-0.1888414316806012
-0.17691169045565194
-0.20414235367578507
-0.18387825846785988
-0.1832257016481071
-0.18739698642779795
-0.18232271751195434
-0.17941535325651078
-0.181499913004499
-0.18376310088197007
-0.20523115257260477
-0.20477511367199272
-0.19309716895074927
-0.18909933898693992
-0.19377534923254514
-0.2039128843339925
-0.18302105688465062
-0.2085615062977835
-0.1844657099987133
-0.17708285480512834
-0.19053803047255974
-0.19483235291667841
-0.1844781272142315
-0.20340220101869838
-0.17923426515422
-0.18162166109907726
-0.17718302162002977
-0.1831586471877382
-0.18035695142166527
-0.18244792776764515
-0.19018439078256041
-0.18656822464799863
-0.18435660897092587
-0.18042775439470723
-0.18233709369033066
-0.19432906151902618
-0.18271034324041274
