-0.1685369895713422
-0.16488644573346076
-0.15788104722588092
-0.17033762152616033
-0.17028360525040107
-0.16846326231379516
-0.16432054709343633
-0.17190340708804372
-0.18173178299366136
-0.17257858686871916
-0.1706294723649603
-0.17600500564109384
-0.15963744184203757
-0.16131939051041042
-0.17382450215621673
-0.16964609956796012
-0.16713636349223776
-0.19536265065172964
-0.1752771828430597
-0.17086980481839484
-0.1681419160912016
-0.22260697497759144
-0.163145039024602
-0.17676574434121844
-0.1749441101853503
-0.1816589791727133
-0.17413018582236536
-0.16668737129389574
-0.18263231209134925
-0.16562442606544037
-0.17610247395793205
-0.16991541597468285
-0.16945946667717782
-0.1689125855122508
-0.18132343741975468
-0.1691171314127752
-0.16446116155720383
-0.1643574527656062
-0.1755471926237901
-0.1522546770325127
-0.1701681139302546
-0.18941060312965421
-0.16825391983835344
-0.1929926175627268
-0.16326358076910175
-0.14669505070535188
-0.16621128164494722
-0.1972497852316398
-0.17086886851765823
-0.152454942386204
-0.19316384324083122
-0.17836126079249234
-0.1667661663881899
-0.1731397101271998
-0.16920724839334117
-0.17022691791214623
-0.16075931927114723
-0.1543603593050374
-0.16182373682578952
-0.16749256346408845
-0.17702122578236731
-0.17358858629800103
-0.17419275570566972
-0.18286134877274726
-0.1668965559834526
-0.14835661129646968
-0.17306971282888925
-0.17595562354820302
-0.1555086602236544
-0.17029102126282014
-0.16009554912720433
-0.17296225165299395
-0.1517258302055945
-0.1793796961032228
-0.1652977904322041
-0.18253888615099687
-0.18579411633172901
-0.17024515727243397
-0.16131398053633228
-0.20091584327761017
-0.17764967134867826
-0.16560134360678314
-0.180545292647588
-0.18237564706223872
-0.16487799137086856
-0.17081232425562026
-0.17283903092222122
-0.17024057564009681
-0.17050053327656442
-0.16538366168155003
-0.1791343299170173
-0.15853037025852165
-0.1741037371914237
-0.17684160362161688
-0.1647306048431451
-0.1779157062504017
-0.1558656346728112
-0.17665969358986433
-0.1722225246816126
-0.17836628355053724
