-0.0013735401472858223
0.044773403333724565
-0.050808185537809705
0.01781457645242639
0.04691480377237581
0.037713584481048126
0.04360486445889413
0.03952315204642194
0.03441648992536676
0.04198906742858982
0.04349591557218498
0.027325036877105992
-0.08663668382524922
0.01392920869714059
0.04260197745631137
0.04208220163110884
-0.10028031369583439
0.01887090842772504
0.04509119484512615
-0.03669154578575872
0.04428970260514523
0.038219643580362804
0.032329736990409544
0.04168709121696164
0.033876368856420716
0.04988230896341581
-0.047987498805111405
-0.004945455156344793
0.04371622514406802
0.047293887841702575
0.03866984790965627
0.003412278688999148
0.018368785498798022
0.0563397391666954
0.04388322960898281
-0.039534329799691056
0.04465024605747984
0.03840050380940859
0.04170311723023973
0.04281131908501158
0.05140591538648043
0.04435911188604506
0.042800291213677434
0.04657137341005339
0.04566442958228323
0.04985425263776774
0.04377101861244071
0.04988342498409052
0.03758201013216139
0.028763319311216964
0.045761313448492075
0.049586521965339615
0.05220832109560455
0.04995554910366155
0.0415072601744468
0.0488987272837867
0.03638708140089482
0.0341092799012094
0.042330321528615156
0.05695710531797886
0.00661128985325777
0.045784145315454716
0.0185096513247607
-0.0023014611084689377
0.04573807573035352
0.047636697918702765
0.04492193238901514
0.05235275254322113
0.010866768990063457
0.04530176028052812
0.0478713542165561
0.03263414193358256
0.0520977202109962
0.03177682995749423
0.0493469175310317
0.030258321585254145
0.040210577991689284
0.046685257147252
0.005413454033621308
-0.05646788596676253
0.06783759548741364
0.04022517633823208
0.04096039432535298
0.040725094925546566
-0.04902179372526254
0.05694385543134503
0.004592278885682551
0.041378522899013684
0.03649585806363064
0.04378948189899163
0.06655627018324344
0.031245911432301945
0.049217862784271225
-0.07716273976596356
-0.11363423933218024
0.04147398796174223
0.04554287001971669
0.042886049380585135
0.015449843668102156
0.04661996132284648
