0.007024597579902901
-0.013410056140848458
-0.008451487641500765
-0.005013822768619014
0.004804751431483442
0.0021258737189389703
-0.021512085177613636
-0.018340261433492027
-0.01960687003174355
-0.03371768398348922
-0.010365938508654034
0.016851430923855326
-0.013132189279487498
0.0018185595537083491
0.007156135274977562
-0.14407343853912535
-0.0075552813988659035
0.0030760580187308077
-0.01627426902586354
-0.03503897662662466
-0.009400850871945305
0.0013578712090468682
-0.06791601658140875
-0.02966431117570931
-0.01358008609240472
-0.006682207914005522
-0.2860244466985013
0.008269248379982367
-0.015268981888952813
-0.017496900393940786
-0.03242438884558869
0.01745501629618201
0.00546054174529854
-0.0022111340861624184
0.006366849441390959
-0.0140602337754777
-0.014137429769972511
0.007684559965597731
0.0036864360767401845
-0.01545102358555109
-0.00893484221259576
-0.007506614520904703
0.012311009087615869
0.01608175705084689
-0.001798838753351927
-0.024587754740409255
-0.03343776696164211
-0.015818695362152156
-0.01409126289196752
-0.0034660005131072137
0.01467352263546677
0.01035188547349162
-0.029794498672123342
-0.0012038259724196248
0.0031179127235777594
-0.00715299024655309
-0.050499947431953914
-0.015748789389451876
-0.005591451640099576
-0.025641056960412557
-0.017160432666689606
-0.02104233097694428
-0.03744239252648529
-0.016054427910205893
0.01304819591943833
-0.045441563365591596
-0.008426223316805549
-0.0077548773016171855
-0.004459296762380872
-0.0119547775293365
-0.013150185799061008
0.02185758992997311
-0.013944408206814017
-0.0020939633989742277
-0.004934581860596522
-0.059618132129601466
-0.015113124117146215
0.01324538851793081
0.02278301016353356
0.014229205452442472
-0.013549121944479459
0.018326088913090583
-0.025640241384592925
0.014371060837193313
0.024911039769174467
-0.0022474359966448954
-0.01143080836067755
-0.00922852537526487
-0.005397182660158146
-0.022203148174864476
-0.013426911320515428
0.03272384009389674
0.014191945639717162
-0.011976646758052874
0.0031031533421522423
-0.03407165403089932
-0.000468127891996198
-0.018601837976075907
0.006650989697422981
-0.0009964953896082574
