-0.21068840102778313
-0.24185420972942262
-0.19944442548003696
-0.17662338008074996
-0.2216499462324929
-0.19593231832466956
-0.28237038690490646
-0.19525463304936294
-0.18759225343597596
-0.2730388096683804
-0.29667400443913633
-0.27108819627013436
-0.10798829920942452
-0.2067655052763038
-0.15135525337126793
-0.21147338467707852
-0.22418215130391073
-0.18119235234681508
-0.21394796843443184
-0.2866542672045526
-0.20078399970919728
-0.0786457285781422
-0.2718910940284446
-0.29193668024370384
-0.21944085760114496
-0.18845302920844656
-0.21920049416538623
-0.18061524674639506
-0.2593231835694044
-0.2798027326475169
-0.265011181769136
-0.2382398484613774
-0.23940995721663072
-0.23623877511870103
-0.28185767042331267
-0.24516335149906512
-0.2618842921208982
-0.30390655696859825
-0.24539704850620161
-0.26295193572361514
-0.28240575648160404
-0.17208623704576773
-0.2514111187405802
-0.2423192741048102
-0.20754260758241036
-0.16108730890759318
-0.16739612254824002
-0.1885730225614229
-0.20183956278550985
-0.20851059987816742
-0.21162971999123278
-0.17782884101891355
-0.22213748519726015
-0.2723597789435216
-0.25698943563426885
-0.1755435174748762
-0.1670600497614291
-0.23677069413850174
-0.3043419673717167
-0.3042918747322629
-0.1487254069482758
-0.29703296394761547
-0.3129084029128596
-0.18535156205639888
-0.2888851990975905
-0.2508389515437018
-0.27998457358506545
-0.26409999856267435
-0.28340774563987986
-0.2824183752885776
-0.2287468638587282
-0.2391253271744123
-0.22930845261657407
-0.2781969539270486
-0.24783713921641998
-0.23855047672435775
-0.17599082383273604
-0.19582137476485684
-0.2771594803501269
-0.19166488654216818
-0.261867275548014
-0.24569098206209836
-0.22489820388286344
-0.26241888812214975
-0.2567731502043874
-0.23141664567605566
-0.19734442046392547
-0.26181544529415735
-0.24548747152157246
-0.30533625111689405
-0.15631445934740634
-0.23345318081949848
-0.1692505130684291
-0.2597601283267919
-0.22139995379307897
-0.2004951667542112
-0.2529325954804262
-0.12894357214988855
-0.2668418903425939
-0.24776447305520138
