-0.2331849418170431
-0.2280405775014986
-0.23700978534986622
-0.20323120303359418
-0.1827721063247733
-0.20966861352131388
-0.23644708095289124
-0.21733651648936683
-0.20888293364562371
-0.24777094234995567
-0.2108937333921377
-0.23114858458737111
-0.23568044292383572
-0.20649658800829174
-0.20937565588446252
-0.20677855655437707
-0.2224953561081901
-0.2322723723107485
-0.21401423046420381
-0.22289921054661002
-0.23051075563967532
-0.22700087377919165
-0.23343406117679594
-0.2110743115713234
-0.23177859644400017
-0.23269993033801448
-0.23428959414544903
-0.2296261709323815
-0.231739292631925
-0.20366050476370198
-0.21497153039950095
-0.23944057620396433
-0.21053193696137837
-0.2309703377903942
-0.2299344673171799
-0.2302208566039669
-0.22213348241580824
-0.23700007354944638
-0.20296696016499616
-0.23343056954928068
-0.23147459491211259
-0.24233162097266284
-0.1986444117988383
-0.22991840087651358
-0.2205978400854963
-0.22850515972791713
-0.22961899642734707
-0.2181020417315614
-0.24087493177625566
-0.22753783910874598
-0.20843864174547014
-0.2193530125286174
-0.22818705635721484
-0.23154566939362972
-0.20260643820424973
-0.22538735100473903
-0.18436026023165983
-0.20690667576244454
-0.2282377536180054
-0.21803225855589123
-0.2317859247961774
-0.2357946135409888
-0.23370060195372794
-0.23160903332718927
-0.22405904257328946
-0.23808051047075438
-0.2086157668724506
-0.21462979196923426
-0.19660338815188844
-0.18346696541161311
-0.19006952830930696
-0.27766112215161787
-0.22817482856009544
-0.19357639688162792
-0.22345135898131735
-0.2075391790629973
-0.22748993964437758
-0.21516817460663076
-0.22513036757978308
-0.23128290184859918
-0.22578405810601582
-0.21266682094818926
-0.2160155264843741
-0.23077111278626058
-0.2037127289382797
-0.22051968845311445
-0.2161250445095682
-0.2263132821551921
-0.20223664283285966
-0.22113771081144143
-0.20561971535732843
-0.216416987929633
-0.23323404469438241
-0.22231767203435102
-0.23460708584983606
-0.2342945798717722
-0.22752129742983832
-0.2286306042853265
-0.23436297176467216
-0.2108136498464546
