0.4039930266777257
0.3691413820424564
0.3203035447514503
0.3778700662706364
0.3750426447400117
0.35564830610620485
0.3535328004772736
0.34679772169334616
0.3805414864210645
0.3856753144515059
0.3793555306491142
0.35505036065667334
0.36686219666341413
0.3883040604993389
0.3449105226820088
0.38832326284890767
0.3636789264094783
0.3488503848182064
0.370638545752929
0.3495756571923369
0.3804522118998878
0.3646776050319837
0.38482796264654234
0.35455988629102186
0.3835542686243022
0.3748580712925737
0.42495661926204303
0.3783159844867674
0.3473857010211777
0.3708722152207208
0.39798152274016024
0.38560155800750523
0.39895678942911406
0.3762574672270165
0.3999252396428594
0.35088896142830134
0.34475936409657193
0.3765022249596647
0.3891048740601826
0.3706834700269505
0.4015663834708418
0.36268906557225344
0.38208710026232223
0.3599820810143912
0.3753340256219943
0.3753225739245938
0.3924904577935752
0.38589471047981416
0.40877802180759265
0.3896237976505221
0.3812456986114082
0.31833270707052724
0.3699701617715893
0.4045377681544475
0.37823877168339104
0.39536502098275766
0.3770654316751206
0.3752564892075633
0.3090474945755591
0.3755536205565202
0.37544940782793296
0.3717244300468005
0.37419378270565185
0.37832986626816123
0.390562990044657
0.36996714617871307
0.26811513096873535
0.40508399940291034
0.33140735797410603
0.3528688973735069
0.37557791952794456
0.3710288808498774
0.18965811985453285
0.3803987843380774
0.39976373071102866
0.3864963305446092
0.3934990661832413
0.3909190148313677
0.37192504137444193
0.338815771706051
0.3515081134453734
0.364181182356401
0.30755707385114117
0.3738111263917957
0.3662553169665257
0.4007623670315288
0.36655070590997074
0.35878588867980443
0.38178114143900577
0.35489511721674855
0.3536079637368345
0.3335693421381029
0.3929038166741407
0.39114333151234343
0.40887924895155026
0.38777538608515066
0.37071723250347766
0.3650110125678871
0.37773287380326903
0.36847749011074077
