0.38989482212441023
0.36178919976099044
0.42066736229226376
0.4103540711087488
0.4078907951552796
0.42434333166016847
0.4372442219997353
0.39013181577503914
0.3801342727682871
0.3836343992530338
0.3868907581368824
0.42790168388273825
0.4164310234301747
0.4233486564739672
0.4115808911838056
0.42086002300848946
0.4353881857799622
0.3918198534630855
0.43039638058664154
0.399145870377099
0.4020394112519886
0.38431504301978037
0.40695157825479045
0.40476381841064346
0.4264626113487141
0.42136444484691277
0.3759328379211331
0.4257403907548288
0.3881575687016251
0.4220235961811688
0.42902752262515853
0.3960610866312848
0.4028274153867604
0.40249374382899394
0.4183376114554122
0.4051842181616655
0.4393712248696693
0.4082380806297805
0.3993245458499944
0.40189861295609797
0.4085426047287661
0.40931951849718423
0.4439001493870136
0.4125352816825177
0.41005230557077926
0.4004247123320057
0.40019244813902877
0.424032492870899
0.4076089007600872
0.40709145506918637
0.3980448644586049
0.396171931679659
0.4061322956578854
0.4137195072416739
0.4701926724202618
0.41086926796277307
0.40779925929366506
0.3837592109930089
0.3846809493961235
0.41331004042805664
0.3632023377293123
0.4374695168523485
0.42715353674166284
0.3873165471320746
0.43134889768856594
0.4196375513155905
0.3910730870847458
0.4029551127757378
0.40542276443620395
0.4076825339490889
0.3753564981605081
0.42150142177689254
0.44168478245303755
0.40740299398063357
0.394601333563833
0.41484523927955147
0.42210416021139446
0.42096834544342093
0.4031539264898241
0.40785293868327765
0.44436986302699555
0.4230089895143906
0.38532556766027865
0.4370997802379168
0.3702546524160624
0.39945885706979417
0.43759404250075873
0.4231675555936779
0.40332837878017697
0.41154492060530146
0.4470491536248003
0.42203607484024175
0.4042871211713133
0.3811641380985999
0.4124142080104021
0.3944534173887698
0.43437010537925036
0.3691374564350915
0.4181619453360082
0.4028535417241343
