0.060128589609727695
0.06151091110095848
0.06638661824302433
0.023968970240571343
0.06316587096838416
0.05270547953812858
0.06134000122271891
0.06469254490575606
0.058258815703171145
0.0558246947556225
0.042953806563250284
0.06927182452306743
0.04841659161193991
0.06178425171576355
0.06179618161365173
0.016006958526180677
-0.12754079880474634
0.0611430639405101
0.1424622660157936
0.06571830883318065
0.05206270490790627
0.055371044551821326
0.056378658246776917
0.06370692196341268
0.06460806001412306
0.060118001678348784
0.05978643229015169
0.04097067686866038
0.059298557544985975
0.06329610669513724
0.06320041101700745
0.05639669122803423
0.05430883727523596
0.04712219117094016
0.055092698925284594
0.049655891421267064
0.059269750953837366
0.05794851533908738
0.062397550554683004
0.06412057911798032
0.06457185237382636
0.06493230325887475
0.06026969109416523
0.06547990706308361
0.05114867577110904
0.06538679733355329
0.06813878246963077
0.06138844720659025
0.06217222025186033
0.06419158540676691
0.06378138180786463
0.05488819647629217
0.06578399725416303
0.05928658965803981
0.04512122040296645
0.05906128722526498
0.03310280395664991
0.062007951497492546
0.034967156088115854
0.06170047516950405
0.058552633387325664
0.0627968251751011
0.05155867250682982
0.04472864085642851
0.062064104488818723
0.05775643136009745
0.0524694078472014
0.06677846601826333
0.06304306943293488
0.06298775420575847
0.06814841038213978
0.06875514180099955
0.06400649476895531
0.05036114357063804
0.06685735464923699
0.06330103044833998
0.054670167354493315
0.06519231388286745
0.039447973052129284
0.056824110113094156
0.03118665892026968
0.049156311823612145
0.0643774642290957
0.06082570686126205
0.04678246951531881
0.0459295596810416
0.06380866694827739
0.05860139616324387
0.07006095088576592
0.06905931715365937
0.04100913803656943
0.06294357631524422
0.03394989709441896
0.05140898743211831
0.05964376567153852
0.07641387594654263
0.05566420644214382
0.057126161829320336
0.05491257594821764
0.05966418908264849
