0.05414996387192796
0.06348033238367125
0.053629186884053145
0.07369244842503073
0.026070931571501945
0.06414605462446193
0.07677047592060074
0.0544752942561832
0.07364638005411399
0.04932837805193753
0.06215111782242037
0.05810505905908684
0.051692515484131514
0.06461966484104976
0.06149690693240978
0.061444940776777916
0.07850044223469986
0.05081646024801876
0.07601022394979233
0.04065544322157859
0.06757569126719634
0.0565062292420634
0.06003523379303774
0.048160968246936615
0.07725335422942836
0.058428877491015295
0.06743509958261246
0.06854374712955214
0.0638189837380258
0.05658351248446508
0.0681608229269725
0.0657244042033352
0.07847362085032825
0.0711595234450439
0.07441922223724555
0.05520780142630166
0.078282430726131
0.07003011376960788
0.05959872381100067
0.05150788196115775
0.05595629515278995
0.07113406375053778
0.05726527179974914
0.052047911133838005
0.061118294273527246
0.05778993688450676
0.05722450371296262
0.06051598216577449
0.05945957117028947
0.06228436906317668
0.04514502126117083
0.08311629611645066
0.05316319697553406
0.05895250657505143
0.0679339359616131
0.03987648309025183
0.07005752643620268
0.048378239553154796
0.05531384978912168
0.067323978521758
0.05297285491218556
0.05903777305798913
0.06428253428870417
0.06548442293562938
0.07649880310414378
0.05960430434753449
0.06760341824388055
0.07199349008113107
0.05292880952914545
0.06473597613113427
0.059401732816843175
0.06223483749039895
0.0769862448106699
0.05481818435484281
0.06380184863173904
0.06911439644059872
0.05614736446185698
0.016090526837046582
0.048874079810845523
0.06522935713694969
0.05848899890543241
0.05344602841203609
0.06028215834889561
0.07289000800131187
0.06057198923476945
0.055389432081853276
0.06011241455435716
0.06154684454284631
0.06599252031915939
0.06293844281843122
0.07534065217541812
0.051556950467501146
0.07062665284602797
0.05477433210933469
0.060624231804908474
0.04982012017989901
0.053445563851172155
0.05070019392819502
0.07096073834483588
0.04564576733576734
