-0.3958868129430688
-0.3174440231051348
-0.31488736980856885
-0.3716945091971269
-0.36460011730646696
-0.33196623622498167
-0.3820966993245457
-0.42647200046992434
-0.4216809985188965
-0.3524775535149978
-0.4852997896669954
-0.355176651649783
-0.42858502192910963
-0.3312534886387764
-0.4648874091854329
-0.38832146677884855
-0.3276224545082645
-0.35561772840217937
-0.38240463233726124
-0.4074282818789107
-0.3341182000372914
-0.362381344892903
-0.46205810958053756
-0.3461042137614878
-0.3575141634432823
-0.31754782799016773
-0.3570972286718135
-0.39416628208246135
-0.33173333806743716
-0.34625473335065
-0.3420479634109712
-0.46680172346189347
-0.3904026268128719
-0.30725875118554363
-0.3569804979960562
-0.44267292095669025
-0.43535628327268044
-0.3400842785298462
-0.34480191205690247
-0.4598942795343339
-0.4565493788837925
-0.45350672353037935
-0.3019864085537957
-0.3128284287220069
-0.43088373731920415
-0.39215679687174804
-0.3412686388351406
-0.32101213357457736
-0.45178413038331044
-0.32919311369163284
-0.45084344335872656
-0.32743056827242945
-0.31715361560004157
-0.3375939700877985
-0.35019340226823814
-0.37443287658608826
-0.33567738901964406
-0.34105146585364954
-0.34782642590848706
-0.45347654311473445
-0.32875674526853593
-0.3286542398820768
-0.45302018237959474
-0.41708014141980543
-0.38642795874240854
-0.36649189859230763
-0.47531517648733546
-0.40934240349621054
-0.32662842118215446
-0.29873900163106826
-0.39483264131036594
-0.35818407763124654
-0.32456661341878223
-0.479563898812709
-0.411750382951017
-0.4534338938019168
-0.4951585458365395
-0.5104284686046903
-0.44277576019698495
-0.3701473519901516
-0.4271420513327705
-0.3932108451620468
-0.3955184301175726
-0.3504076559992657
-0.42998324902604695
-0.4805117126614702
-0.32926355602021873
-0.34025646402229864
-0.3444078261987894
-0.3320584139475331
-0.36126561568061916
-0.36372591253583497
-0.3242758519035152
-0.324399351739484
-0.35495511610064895
-0.4042397491835397
-0.46672454312550143
-0.3985442100264264
-0.4338055121441563
-0.3190308093849164
