-0.2766188184944016
-0.3147173890430416
-0.33643101534231873
-0.31454634440379664
-0.3096103837575652
-0.3278907540886177
-0.31817514470719904
-0.3308748337084263
-0.2915467788647777
-0.2941525846987745
-0.2869146151967454
-0.3180084064461298
-0.3143039572588947
-0.33539309964476505
-0.37987607488170894
-0.2872513578751688
-0.3436080544691335
-0.2872337487861833
-0.3275521914403448
-0.2700561341574751
-0.352657702826863
-0.3391149471705795
-0.30200743375127315
-0.33866263590796647
-0.2599086919484031
-0.36957217518280217
-0.3682244477486682
-0.3342503632211176
-0.3404397291287855
-0.35354953797470806
-0.35386609930996793
-0.2737372844800426
-0.27262161761425885
-0.248545840535579
-0.3086907000331379
-0.27529579406020394
-0.3232313872901665
-0.238928414010529
-0.3262348670559797
-0.29350532365576804
-0.3063790234590927
-0.2907640259722187
-0.2917320168999155
-0.2983905837641675
-0.31462186944935144
-0.3519290478010647
-0.36546216145136484
-0.305440488627905
-0.2782640733176701
-0.33779183427934595
-0.31203946819098527
-0.32540185380399905
-0.29608197498937505
-0.30647489903328934
-0.2829022847798001
-0.311954823018534
-0.34553355347450554
-0.29658124307593087
-0.3355175252366017
-0.30113955261950287
-0.3050436036506208
-0.30840060660172397
-0.3656613029513942
-0.3217481639545809
-0.29103076415847584
-0.32233737484750136
-0.2457850689228671
-0.24568629501834988
-0.3463520662480012
-0.35112333882842733
-0.35064902676276277
-0.33658428931310297
-0.3148206766352801
-0.37180904816359156
-0.36318199097116427
-0.3569587734023195
-0.26665140397637843
-0.24063763546232675
-0.3047603353563349
-0.328599794005872
-0.2485349247863117
-0.2671583313339882
-0.305178320632832
-0.27016032969947273
-0.33426844520563587
-0.25631321266060125
-0.3336784371656471
-0.2397371376617325
-0.3079338037097221
-0.3405211748578178
-0.274536265987399
-0.3535487128049683
-0.2940434876130459
-0.3282187770273684
-0.3507524211487086
-0.3346767972683388
-0.34468192364225386
-0.267360477714658
-0.301499716198968
-0.23861425076607645
