-0.6726774045311944
-0.4379001819946324
-0.7590902313773717
-0.4360994299469938
-0.6629322805627487
-0.5062041091712425
-0.45602158600118425
-0.5299742752217041
-0.4115408824942982
-0.44341666603131724
-0.45392584986242496
-0.45534605929736993
-0.5213375460593247
-0.47556954608298424
-0.5036063943400744
-0.41637078407563893
-0.38996231693335404
-0.4275337486041568
-0.4729588366671791
-0.4275148310782863
-0.4271518766701924
-0.3668838612527039
-0.4896971092012915
-0.47230321591573654
-0.49954421156991313
-0.616207500919584
-0.7252946713681314
-0.7786334784336224
-0.42838574597345214
-0.4557464113491933
-0.42160036879959284
-0.4512825360609905
-0.509448564913249
-0.6735662388419796
-0.44530881884890805
-0.4457216234732259
-0.6623692095628556
-0.45235192898499155
-0.4833806115347933
-0.4679125729538714
-0.4154091247558073
-0.5011591208236025
-0.6834849052327882
-0.6129100316724135
-0.47756294874852845
-0.4268056280421665
-0.6376480628378495
-0.451050867391041
-0.4420867339093473
-0.3880242728928443
-0.5023601320679922
-0.47329565732301765
-0.5931824421065385
-0.6889487498585969
-0.4703107088241695
-0.4618698596618853
-0.43176277436451904
-0.4196258204789031
-0.7387134568647861
-0.48408449424158356
-0.3568326002902929
-0.4075277637342366
-0.4491250985965747
-0.4390473915018355
-0.44868360846490085
-0.4467480969494533
-0.43559257451237154
-0.40556812470874526
-0.6311717636123275
-0.4302371152866632
-0.43158134175636476
-0.4896700622929978
-0.4227362158325075
-0.4478423194638395
-0.4249801238053825
-0.42792583992802136
-0.7100883513156517
-0.4989434834557697
-0.441061136181018
-0.5021666350072989
-0.7026792919789213
-0.4273836171213887
-0.7180883511545961
-0.4604223646130561
-0.6908805674441477
-0.41133153927726795
-0.4284201039821834
-0.5743749830029798
-0.4192635896729835
-0.5306053979647813
-0.7003419187631582
-0.43040547384741634
-0.4825065969458386
-0.47853528563700254
-0.44773789271069636
-0.38504517156982465
-0.7729398484516364
-0.42203247069858346
-0.46962404804423713
-0.5141336505105807
