0.008972575659458895
0.007614134534215599
0.013437769519176298
0.005198135692449326
0.01823949172617689
0.010916766366041985
0.015132984716342028
0.01464329686988894
0.007847468137734992
0.011783090102400057
0.013912418426566887
-0.0016713420561331428
0.016027716099188644
0.020317038796871693
-8.334931975257773e-05
0.010142259809504341
0.010491760877080796
0.014951519813425655
0.014922977183344456
0.009067194799694134
0.017891261917580118
0.009440011063145291
0.024962337688911807
0.013318468809745798
0.010554413842174454
0.014585426444293895
0.012608065704501563
0.010653177169793873
0.004873592346354046
0.015604031069883091
0.010059809681068878
0.01705536556348351
0.008536583338752011
0.016104574500862775
0.01410104707704467
0.018949255075532905
0.0046221077019008095
0.016515157178803874
0.018849275325056185
0.010197927540400605
0.014438391144915396
0.015767669063485805
0.015274677718291114
0.016338629387475642
0.016031565134666838
0.014603071559378499
0.007411410719848819
0.013944806025502523
0.01114952745446781
0.015167884838512849
0.015564842120769716
0.002488428317367224
0.016042039441446703
0.006437210308773551
0.013552403649086596
0.0163361426663044
0.00787305452100573
0.011309803035377035
-0.0010491005507407317
0.016643230747748733
0.007918051729558959
0.0068040040363658485
0.004527118701887086
0.013552656198818253
0.009938691659244063
0.01869028971873938
0.014519989149396551
0.011688289130628608
0.013247241996692045
0.012459087429024213
0.014976654765405861
0.006016848649029792
0.004657939377225199
0.004270821751242022
0.006078677956196595
0.016086865512347153
0.00793074657709312
0.018573958693476614
0.0063414679991076325
0.012771163117165845
0.010138744284783178
0.009664226626411839
0.011998574514648246
0.012047487678374928
0.012253697905890065
0.012044817924714159
0.011677796933554736
0.009396358540659571
0.019469139302650984
0.014676564941053873
0.011544683424643407
0.007621409985097473
0.016881850486445575
-0.0011122044464501554
0.011745553274098855
0.007565303852791735
0.01556023227144245
0.005353666876645332
0.013856845497828103
0.012429964110155869
