-0.31596666121058486
-0.40240407271519424
-0.32797302133272216
-0.37021294651325376
-0.2615957953340763
-0.33181985530624253
-0.2540353621190258
-0.274511308504882
-0.39870926205032836
-0.2752838251139536
-0.27989696707276873
-0.3079675723146167
-0.2785510980744194
-0.27893269504678425
-0.27475132965899757
-0.34844641726963993
-0.2598918163254604
-0.2738236584465684
-0.3329263180706739
-0.28285409121918303
-0.2590572494926454
-0.3596292894779949
-0.28173943159647447
-0.3032334907078958
-0.27577675882482006
-0.27971606182297964
-0.26796450784506176
-0.30340414590105524
-0.2799817538111202
-0.29173128710612156
-0.2673576579080671
-0.259289718307397
-0.2897693565669163
-0.27478944451076587
-0.27941288200400877
-0.27304155426542887
-0.30026596844182213
-0.29367853629302243
-0.26440054623056675
-0.2851304526969528
-0.2608063688459667
-0.3710618244513157
-0.38650096859263844
-0.31342245960580634
-0.2666880837434944
-0.2874565669206702
-0.26416957591413326
-0.2613895925713114
-0.2565554606191649
-0.37226296517845153
-0.3038417268482207
-0.27233876656731854
-0.27505450912837554
-0.27810000627139897
-0.2729158022320958
-0.2729782326864957
-0.2826620488158893
-0.3139706076281498
-0.2910457420373514
-0.285706020450413
-0.26947386636317816
-0.283096013429505
-0.2968008243102298
-0.32835889683130676
-0.2618475360322446
-0.2730456696133982
-0.2784331556235452
-0.2809821297805163
-0.2692643702066321
-0.26664624925630936
-0.28048819259865726
-0.28326737638326077
-0.27696133179747057
-0.32009853155743684
-0.270727364731284
-0.29254011970854127
-0.27642261646966704
-0.27388621441943756
-0.27326511432721734
-0.2725216717273507
-0.29348563596556854
-0.2570452449034155
-0.27701381158785243
-0.27416572049887344
-0.30546666273184936
-0.27982540296395875
-0.2807259527439116
-0.2779381637246729
-0.28116491782474395
-0.27778363129586475
-0.2761269667928879
-0.2897493354002417
-0.32397127421111654
-0.26156384574456987
-0.32203390431390094
-0.25939085969073705
-0.2717958501575778
-0.2783367509850233
-0.38696566601385257
-0.2661568987006026
