-0.26265240453368344
-0.2386619445130285
-0.26491889507348243
-0.338958261719078
-0.24900014819511604
-0.2525483869212158
-0.26994295957467074
-0.261168582278018
-0.2696948688681454
-0.26451416855531673
-0.26951771451584733
-0.2478549704730571
-0.27246964090710996
-0.2760461452504083
-0.2566174879803903
-0.2531051550692735
-0.23992071454024494
-0.25929646982106214
-0.24602990735053656
-0.3005994707482006
-0.29064934409483806
-0.27483084739346686
-0.22689105865564071
-0.27214312778244965
-0.28384588742138495
-0.2774949502620152
-0.26561199368064925
-0.22600585010517302
-0.28031291849283646
-0.277452247831635
-0.2692519432872318
-0.277454129735139
-0.28063185975031896
-0.2722311515791705
-0.26042769848631697
-0.2683277768650963
-0.26486857060046287
-0.2536414058516688
-0.2558558859498277
-0.27796945057217404
-0.471173308360038
-0.2731726054441602
-0.26948902349146375
-0.2735181476867407
-0.24271126775793472
-0.3248676500313956
-0.2668389615582485
-0.260149357332265
-0.2506168501508075
-0.3020320465520083
-0.2590688763867464
-0.29614484057968116
-0.28621856668612994
-0.2743850262628614
-0.26099975909954815
-0.2786768027459706
-0.2612669681436557
-0.22997507123303335
-0.27386139352250366
-0.2423857015782754
-0.24316014313747858
-0.2765772607544021
-0.259111496365877
-0.2622022684699001
-0.2772298530535849
-0.24742837606047738
-0.29447001266098904
-0.27830954538814817
-0.2632692797008326
-0.21226845284286497
-0.26858382519351204
-0.2612707503206682
-0.2718567630325839
-0.2775907954713769
-0.2340837183356477
-0.30247340771458303
-0.2912648421493924
-0.2645126727972248
-0.22599939121044943
-0.2664416110258277
-0.25487377145629325
-0.2277908932090366
-0.2568100451789409
-0.264423885569412
-0.2565397047072172
-0.23534335725539124
-0.2719355437286681
-0.24577592080874328
-0.37005626921552026
-0.27120118888045464
-0.25675289879402186
-0.2649059231181323
-0.2575445941740639
-0.2647864942915789
-0.2672763895864122
-0.26671080506705364
-0.2608887338149793
-0.26075335751651996
-0.25586811296235135
-0.25497115844337404
