-0.6325807897027109
-0.6174858768722963
-0.6325355256773368
-0.546195015417011
-0.6542864240852745
-0.6262087214935906
-0.6144773128750509
-0.6293100236932406
-0.6033969938584725
-0.6094677772320491
-0.6244622155132483
-0.4971801492028274
-0.5934336149119909
-0.6405127094815759
-0.632210671205672
-0.6446823078404152
-0.654415198488784
-0.6293813031331026
-0.6466819156421549
-0.6189813001438819
-0.6044571729691076
-0.6201957269549466
-0.6215140870674052
-0.6191845546772348
-0.6232877256021614
-0.8120039588415874
-0.5340471294352445
-0.6000688334159101
-0.6114355674946554
-0.6221153099406134
-0.6057152365325954
-0.5609717179881423
-0.606982289231985
-0.6050641150920484
-0.5273946939640614
-0.6234918182165905
-0.5916494518680716
-0.6126992612399306
-0.6346399002826262
-0.5807446543307883
-0.6243431928715774
-0.5856945881027501
-0.6353767811100921
-0.6148880522983351
-0.6468643735236778
-0.6122767920357692
-0.6109174717429503
-0.6227691225474152
-0.603033869633288
-0.5835357708674215
-0.5945218092982395
-0.649100452143347
-0.6039801003024816
-0.6159266123694841
-0.451228107489824
-0.6659685437545723
-0.5636898853076828
-0.6508140631935763
-0.6080041664780717
-0.5244758870318772
-0.6297554451697434
-0.5809785373004056
-0.5870463090626943
-0.6402925798530298
-0.5513276497183782
-0.5721440966704747
-0.603521981249037
-0.6415600657104303
-0.6004212144883639
-0.8306443532614719
-0.5193382721352141
-0.629332156545555
-0.6347303790075101
-0.5340309659296911
-0.40547614104131724
-0.6409255511079067
-0.6001881318439287
-0.6287320292890123
-0.6016949690805482
-0.6325559576700528
-0.6046623441556656
-0.5246449685849811
-0.5148011004716633
-0.5846683127534271
-0.6115515142607627
-0.614006571270313
-0.6239140703654213
-0.602465880964754
-0.5577839196261912
-0.6116905534279082
-0.636556009371126
-0.5970400078946839
-0.6366812590908276
-0.6035951994070794
-0.5780513205084944
-0.6196487741274863
-0.640120440668941
-0.6567762839101503
-0.46082112364567485
-0.6296871687548488
