-0.4546214844030185
-0.5496322954402731
-0.5917932345568346
-0.49553005418354673
-0.5558158307948077
-0.46826049002146725
-0.4274780764414428
-0.5821533799755731
-0.511432764687528
-0.4728867447128081
-0.47160440872065384
-0.4501458623824566
-0.4715552703902147
-0.4859829226303792
-0.4423125395627896
-0.4962602702678008
-0.4235761253249303
-0.5336482190452039
-0.4708120946207919
-0.3794200316438339
-0.4566140531756736
-0.4607580720488207
-0.5087610370701808
-0.44510914839664867
-0.5049263901213449
-0.5381868128203116
-0.5413682184490759
-0.434895401849384
-0.5178643873167943
-0.4928463720233345
-0.4836737040819715
-0.4256807232052065
-0.4966780381014627
-0.44572286409187345
-0.4762579690575947
-0.48730680733830095
-0.4533062258000235
-0.5627370878567199
-0.5017815770126338
-0.48287742501760805
-0.4896316374247862
-0.42667792066951915
-0.4523623852588186
-0.5206837344602
-0.4627018632870757
-0.38178520853432446
-0.43671460183443356
-0.5031131835820419
-0.5523226631805659
-0.5360960643549103
-0.44387931535881336
-0.5191876060224107
-0.4793498164402621
-0.47502040180030114
-0.4705085754081202
-0.4605787088273172
-0.4984228203962354
-0.557256668728871
-0.4438743251536914
-0.4619660722252491
-0.45424383335759133
-0.5352962968295056
-0.5500272954151502
-0.4942824786821409
-0.5768138088464141
-0.45620239824357783
-0.5075105699053217
-0.4578996496637761
-0.47524562038461016
-0.4349336105226296
-0.4374416629990488
-0.44525058426037406
-0.48633857530601415
-0.40995667201272235
-0.5226569410840254
-0.4807726143552071
-0.43961673129044926
-0.45758954526400014
-0.4303942052765211
-0.4960420308387779
-0.5309759431025388
-0.5107586808279746
-0.5066968859732304
-0.5482472383777328
-0.4575839972774501
-0.4610221294763815
-0.49339265734175425
-0.45424422517761553
-0.5355633052999399
-0.47951401911820085
-0.4595826018938048
-0.46911843441871454
-0.5459060030975169
-0.4412590467303979
-0.5378959859631989
-0.43646285429809956
-0.45455249306871887
-0.4030731961221886
-0.49817580007782514
-0.4732437622839056
