0.10941017452588811
0.09505722817969174
0.166421689531634
0.08905471843025385
0.07981961334108113
0.09880936945997916
0.0887760442475014
0.09067709508670253
0.10350529227323335
0.08831028707987162
0.09199426570740303
0.09789954382017126
0.09112662897083985
0.10215221265020416
0.12211349235254752
0.11486386745664685
0.1308610027350827
0.08686887143925712
0.09694330677727028
0.09985483573966047
0.10755599263969406
0.07031498611440704
0.0680707832898166
0.0982868666123605
0.07277116609633774
0.087846051079114
0.10204516466116575
0.10193713728871194
0.0831058263827841
0.10262773108024006
0.13956337059003796
0.10104091157295149
0.09010340845216219
0.13307174335560884
0.08015000516962216
0.08479344692761782
0.092257852549775
0.08384351145392123
0.104849917087446
0.10602804989570988
0.09685770433380748
0.09457743517636698
0.10558032223423083
0.08983842743735232
0.08712293972854057
0.09733247282092827
0.09568505473039701
0.12373159790785417
0.09788664370264465
0.08811690814636645
0.09049632466893687
0.09729281799212
0.10562228414680559
0.09343809577824026
0.08462050792279543
0.10020660436948553
0.08394337312896577
0.09725110084963587
0.08487391901950013
0.10313923402452811
0.09962470960632532
0.08884518890648962
0.16778783122962299
0.08892886077150676
0.08797068948247133
0.10099395067494102
0.07902999109436214
0.10754459120743336
0.08966222070822666
0.09987208886356407
0.08929424333518497
0.10680064979740547
0.10371909733476278
0.17523966763960105
0.08224383092866062
0.10943495844051972
0.1002090653671239
0.09092489017251379
0.1286825536972795
0.08053159471250544
0.10715831871333184
0.09123406383801715
0.09413875155965458
0.10845645823065178
0.103755472451767
0.08351257937364626
0.08590563660395165
0.0790381874964464
0.09623096684200398
0.07965529306781792
0.0904653274732151
0.12014470948418901
0.089999271756421
0.08918848395373948
0.09209039664381433
0.08890157267509047
0.08238421790017819
0.08891609317386111
0.08881526364964903
0.08863309036563351
