0.11243117205973742
0.09971521433154032
0.08807438256721478
0.13834207714568497
0.09429652776470168
0.14478222562796483
0.18478591746326842
0.07506985363160604
0.011647225258739456
0.11725589000232713
0.12159214306358872
0.12583530966926243
0.09227967509125219
0.12685888312559299
0.11420380295556622
0.14096199478225271
0.11480429448478006
0.15452258731400292
0.11378614893580187
0.13441887219427756
0.12705369530607627
0.1125951471337382
0.0844322592235947
0.08412250903101852
0.13029660387351122
0.1268445709169488
0.1365306158678849
0.1478398134148735
0.11906823057731708
0.12521143596873072
0.1218093561649765
0.0906351949915477
0.13639548239740484
0.15755717013833026
0.12774157479788772
0.09716145558839902
0.16403149059056368
0.13819004994527131
0.09123490687032267
0.08274620724813843
0.12490634801891021
0.12557803346759513
0.11517225741602011
0.1500467846472727
0.12553938545913673
0.1199400883460968
0.10475691774213215
0.1144388923418326
0.1496289306550805
0.12427793978556044
0.1864161334089414
0.08850922507689708
0.08126475888982695
0.12047335172477888
0.12297373210578855
0.06356551803340656
0.1212523094221916
0.10122284383101365
0.15409615935232468
0.16607563484565557
0.06627166622985955
0.10916307089167578
0.07000949908171718
0.11496611969864406
0.11904949768546765
0.10582933964958556
0.0771939910603362
0.12386993550070599
0.13442398975370004
0.11467877561971083
0.07695082831720092
0.10259111674846587
0.1575748801568018
0.14951744919923324
0.1294184066566622
0.06749579092199255
0.093101477780363
0.10701173444299182
0.10733992233577444
0.14569265816279722
0.13472826082176048
0.1361544526851739
0.12911770554295512
0.1466509143762816
0.09818574274861086
0.11866117006350953
0.12108210735180784
0.09637647773341398
0.11267776289998294
0.08473957222655809
0.11122749845290929
0.0904504520543804
0.10028538468462248
0.12790249476420357
0.10094874630137679
0.10290857686714437
0.08403320327575302
0.11180328181445216
0.10472447683669153
0.10810539987327951
