-0.18593311533095155
-0.17081613682138663
-0.15254592209805629
-0.18493059913887136
-0.169471813127514
-0.17900619229336034
-0.16883703189340388
-0.23103790802215676
-0.16759233684346586
-0.18902283931950334
-0.19415365274688073
-0.18451953628745668
-0.21484872115184492
-0.1898995460070926
-0.17775420290943764
-0.18530391184746844
-0.20738339815960033
-0.17185648708888346
-0.18921054811887889
-0.16914791959591033
-0.17117433714194022
-0.18515261127246418
-0.17242747054998583
-0.17444722355590647
-0.16923983582429206
-0.1751200609669769
-0.16307797159093784
-0.1490407454200158
-0.1979969182180038
-0.1494540531804668
-0.21525379611702855
-0.21383035185720364
-0.19588981446280185
-0.18835582344069762
-0.197742960309415
-0.16934187577662055
-0.16849735688321602
-0.22376982553186525
-0.18382712516161634
-0.18873827330377915
-0.15599132640529423
-0.19103111988796562
-0.22370282264615604
-0.19585433471091823
-0.1781056896262748
-0.19665560802760781
-0.16644543576680657
-0.1612395181850233
-0.16346018276298158
-0.20444045768472713
-0.2020185786070976
-0.1939629130957823
-0.17129083432594636
-0.20129647542344872
-0.19529146895824165
-0.18671397964648073
-0.18522638654746115
-0.167180534418776
-0.18263543732926513
-0.14852707789753627
-0.15099998263062198
-0.15681385235235643
-0.20106067124728932
-0.2130031503705758
-0.18794488608460183
-0.17843268545583885
-0.16605321205560472
-0.15726252916563
-0.2038624335940317
-0.2161675592213154
-0.1771977539029127
-0.18027663715008055
-0.1727278272008643
-0.16259742438804425
-0.1819473360624462
-0.193823187344683
-0.15549973858331875
-0.1649586547781175
-0.21316714643794535
-0.18981294895875492
-0.1828585860661404
-0.2019169300052593
-0.1938667924050215
-0.1769126839800065
-0.1875740275009007
-0.15964924160436167
-0.1869077636112918
-0.2146357437896727
-0.16658244283678786
-0.18580340233193798
-0.1855381716640237
-0.1951785426927601
-0.17633723399681467
-0.1806864243746278
-0.17841149637401224
-0.16995379851600564
-0.17983770793865522
-0.16951148150853862
-0.17724769455235093
-0.16254631960961394
