-0.10288224149179598
-0.11908257671765776
-0.17342910532803146
-0.15754063077541122
-0.15103108024502074
-0.1484919493200461
-0.14011852543858386
-0.19125390783452123
-0.11781190768968915
-0.09714384899289757
-0.14547575260277293
-0.17366059950401191
-0.16761542517467523
-0.11597559804704054
-0.16617536476078573
-0.1540089792956843
-0.13181328556053654
-0.14348128870054844
-0.1313716537203092
-0.16931922105711686
-0.13611839096582282
-0.12756773373260152
-0.12676126293214246
-0.14107474812225515
-0.17265978636559276
-0.12018908042646867
-0.13375663684161226
-0.14031990495543728
-0.11764035761330031
-0.19016168407693354
-0.16601259057289697
-0.12111795366532191
-0.14882050671263397
-0.13889485950520894
-0.143100586107704
-0.15245407369344874
-0.14904201909932369
-0.15191548884629252
-0.16603033426821223
-0.12376930428320049
-0.1469798255839871
-0.062404330745061215
-0.13497998837715977
-0.13924600837834353
-0.14539514985925653
-0.15502049217430738
-0.16162292225297828
-0.1659819013426779
-0.1527030600554921
-0.04736372843372732
-0.1528238762665872
-0.1330922559278345
-0.12019363566672077
-0.1352308059831242
-0.13646175264195004
-0.1512756140147197
-0.13837439619266395
-0.13123895948822217
-0.1558066709305128
-0.15676341446734438
-0.1701188881915278
-0.1330378723817923
-0.14687677663733498
-0.15254287391093058
-0.1585325282018808
-0.13456773085342294
-0.02870281397882643
-0.0890830818891104
-0.12368446139953097
-0.16000061126788032
-0.1455349431363369
-0.12254105718782608
-0.14317038880258534
-0.14263746600136465
-0.140600492045747
-0.1713089197516442
-0.1255741977086308
-0.1240009224034721
-0.14066363666783782
-0.11209104925819947
-0.15350968615864025
-0.1295456604995369
-0.16058020718634627
-0.14892209230522818
-0.1586885526067309
-0.15445121179314752
-0.09505360209300286
-0.13344549087096122
-0.15544250635772608
-0.15272011294431606
-0.1350364407858155
-0.1288125834801373
-0.12627201616350386
-0.1619396821312979
-0.13329281164081339
-0.14475726519240426
-0.14167527228930227
-0.16670836084169016
-0.13524432070786307
-0.17656043039056935
