0.05102279314247714
0.05244666411280422
0.04102250332598896
0.05269746908428744
0.02699615156303972
0.05445664447809712
0.05368524407100946
0.04820225057784323
0.03901053138933587
0.05064737755247229
0.04245989028678235
0.054004394570530266
0.04569101690318344
0.049011974142721654
0.04908539664842892
0.041037385551056065
0.05678837269066611
0.04864416133374772
0.04006192944285838
0.05299648615174442
0.0576911435044754
0.04861650063917038
0.056517152440149175
0.046002137931662745
0.03463031395811521
0.04685009739233204
0.03506864873846207
0.044697120444330496
0.04563606039669726
0.04320072958632328
0.04600804631640278
0.047832220811796035
0.05590204425345834
0.044344887488856816
0.05116771591841855
0.05600467994672066
0.03107821419593056
0.03575655158752117
0.053545406068870434
0.0503117312190569
0.049832097459078205
0.048337656418249886
0.04377719994666945
0.040311557179288776
0.04802182943737684
0.03921836763656154
0.04676636140450794
0.04785562193521457
0.058621226953142716
0.0335106490642738
0.0518403938834856
0.04076219222159606
0.04087601954784226
0.05315492374462647
0.029586743154079272
0.034176629615266484
0.05018082848260846
0.05382905152844912
0.04675891794819584
0.026991405121260744
0.027965724570495006
0.04391223906178284
0.04361292187381846
0.04542249662652299
0.05236712975824905
0.057318157637057505
0.05567581781862854
0.05535409626969804
0.04329363659872551
0.04744761452423491
0.040470648740709055
0.039168792022717946
0.039709982995236884
0.04730102018618512
0.044442726383917115
0.06245856761572436
0.03939092309899586
0.052884050881017504
0.04366707133667807
0.06444488986027377
0.019579140216137533
0.049368308602094915
0.04312268606974255
0.030420424546289276
0.03659700320474755
0.04070104670237941
0.04708461426874382
0.03845420552301823
0.03961049922570009
0.02885194002182473
0.05180613747471494
0.05379293506161312
0.052776948818678296
0.05138816437463755
0.03550450888983822
0.02691574290459989
0.03547125411966903
0.0420865404561837
0.04157090261154828
0.04404597320276705
