0.0627310557717732
0.06063664585608733
0.08569163586260788
0.06964354809044533
0.05964281297672461
0.06485465116751869
0.07239539967817242
0.06240172118077427
0.06580870622342366
0.04510003229956927
0.06764172232768914
0.0685255095877035
0.0661083361195042
0.05213288179864318
0.06641729549400302
0.06826732089499547
0.07112747857103816
0.0658952939833149
0.0658981746694497
0.06507694583105991
0.06277868064232998
0.06466425521541137
0.05748503712195398
0.05576948446356694
0.0365121849975092
0.05911671359857173
0.058843236620071425
0.05900082926333877
0.06316113782026492
0.04301079206376637
0.04963339351837015
0.05983956811003295
0.07204341997509435
0.02798792310909964
0.0646249615124491
0.0625568481982684
0.02226597411097772
0.05939853541267879
0.04754965573096854
0.045004696371934376
0.03576411761141784
0.062459996063368106
0.05885399393060438
0.06353096523781313
0.0627027595975333
0.06437535153591431
0.07503559776295128
0.08319394088354568
0.04993236780912274
0.08260202443479521
0.06447320143528112
0.03182053787660992
0.060297051907268424
0.07574514071342185
0.060734704791883296
0.04156387049043841
0.08204535019914712
0.07686923510729855
0.036640825261834487
0.07675632083382775
0.07715334897539326
0.04572110226705329
0.056024648605832596
0.03062522762924745
0.05834716562455537
0.08278166903668989
0.03895403662926007
0.041502502708955336
0.06105006976849309
0.06531242593675096
0.020288630266714736
0.05164405240283203
0.020421934434438044
0.056665356580421405
0.04951198567108985
0.03974640250050377
0.053613428417132306
0.054075258055467236
0.046269924282737886
0.04261371728016223
0.059226073381496
0.04996151839042025
0.05714266310236125
0.054052916920315136
0.03662260010231535
0.03227354654417241
0.08435783077259401
0.05969285873339807
0.05649024316485017
0.07338544022487509
0.07987453333818731
0.05129759478112675
0.05868446490730068
0.06004059397075062
0.04393758075127185
0.059096974981873475
0.06495662943800573
0.0690000021753579
0.04751213605619868
0.05322872897071276
