-0.1330589760742607
-0.09382812415829052
-0.12395416678513317
-0.10936992632350222
-0.1435992918591752
-0.11773857774660047
-0.11696332960787674
-0.1257977225579709
-0.18069051937644995
-0.08468898492848603
-0.11029751902948527
-0.1386668549579818
-0.1368191676422448
-0.1257170162496353
-0.12093279807705656
-0.15401633809600784
-0.15399535881692208
-0.12713709264189768
-0.13175710055810866
-0.13031936393087254
-0.1306207577674846
-0.20234522055400664
-0.12948674555000622
-0.13495625416996995
-0.13953895595486007
-0.13239019712109903
-0.3143200950772009
-0.15066976573696655
-0.143178225151781
-0.178729486584464
-0.1407815549058866
-0.0904773614902521
-0.16331423451823554
-0.14553450766826181
-0.1106570282351716
-0.1302878427205461
-0.12235176374860449
-0.08215144852310612
-0.11694414824439744
-0.11247051791151794
-0.09045706976004954
-0.28463028029021187
-0.09682474572103457
-0.13825738126426623
-0.08324573059180955
-0.13197673568517265
-0.12006619908566755
-0.10718620634923241
-0.15419071783324104
-0.11222459223417856
-0.13484595306077934
-0.12908913325667398
-0.29172563091969766
-0.10392320878214013
-0.12412101970360032
-0.12902029352335967
-0.12644381493483103
-0.46943811415517234
-0.1552917278226134
-0.1070938128310756
-0.153267522586196
-0.1378215835969146
-0.14085425944926586
-0.12961291145326836
-0.10077157474673984
-0.14188581402539363
-0.1307644486840291
-0.1320562928499536
-0.14520224910920726
-0.12362332637308147
-0.145906452226203
-0.1041374748719845
-0.12363923317892009
-0.10616549053918617
-0.09674512652288825
-0.12329007729390237
-0.1075472584326653
-0.14359528237788652
-0.17462486743978073
-0.12298633866328404
-0.07653268154110325
-0.11522020394106787
-0.12240288807554453
-0.14172236957958725
-0.12343357921292297
-0.12866190320877688
-0.1459237218931574
-0.14413515883135594
-0.12378725050984682
-0.10815463640645605
-0.12867208246430256
-0.12246871103710379
-0.11112030697024743
-0.13043862075062296
-0.11326883628964453
-0.11747199320680421
-0.1788344725468975
-0.1510977696135772
-0.1101637722434239
-0.10484450595939317
