-0.15469552570594763
-0.1586279093321377
-0.19606051049954207
-0.16604088234756673
-0.20233759235659682
-0.1613583367788938
-0.18625291173628938
-0.14766698544517923
-0.15386905258484462
-0.1557534707543078
-0.17970672903552284
-0.1557129984087782
-0.16187531417062256
-0.15808333120904142
-0.1591497609611324
-0.17212170925927206
-0.20736974306878694
-0.14833351638976922
-0.16834312924795428
-0.1527391649277932
-0.17769163236426547
-0.1638578399779766
-0.15627910928528174
-0.2246192237449425
-0.17685311546066376
-0.14680386818926436
-0.18366788757316052
-0.15406762530304222
-0.15601732163105161
-0.1795319757182742
-0.15095163866751599
-0.20715441980798163
-0.21367291193891425
-0.16360843014374726
-0.15924944038111646
-0.15290205349215813
-0.21371484915501626
-0.25550078231882367
-0.15838541079701612
-0.16090938656161619
-0.16740563385846888
-0.15846450855943964
-0.16163609706080004
-0.1572521855337264
-0.14856338719430576
-0.16862678553990784
-0.15962804408126346
-0.20677355689745083
-0.15800746529278675
-0.15182593116605786
-0.15758557102393891
-0.1531321955039787
-0.16426875754080747
-0.25719556012778405
-0.18538982155007816
-0.1662269364435887
-0.14889575840878777
-0.16280766510512237
-0.24526193547076952
-0.2587823544722697
-0.27087806565754313
-0.1657456281636892
-0.15438027912240732
-0.15931973508329272
-0.16260743469329086
-0.16561944152331298
-0.15653223643059305
-0.21200132430093932
-0.15785841775159748
-0.20247139161776748
-0.15666811996486685
-0.18839725757076134
-0.15779622970677168
-0.15952095261465907
-0.1408617634654378
-0.1464084681362428
-0.1608655801767821
-0.14970121672015782
-0.18929979964435056
-0.16141720312705723
-0.16080313318363723
-0.15866536416941432
-0.17354987083863357
-0.2066938174779763
-0.1567631496436884
-0.20249609703699192
-0.1655319395111008
-0.15824857560549002
-0.161503417754967
-0.15811122499709354
-0.15862539188568744
-0.18383042306551506
-0.15955842087321725
-0.19051154151223781
-0.16997553942032287
-0.16315520947579365
-0.15513723002651278
-0.153774722014678
-0.19370543804601037
-0.19730253905630188
