0.19937084394220073
0.2084145608692168
0.19143085969583726
0.19063257388890964
0.1776691028944498
0.1929650452543758
0.1891019415170734
0.25492202686855425
0.1863364002078377
0.24354931003834826
0.152074466700229
0.1933036139527032
0.13428179370189552
0.21226561530946483
0.18965942631038815
0.1954467736972427
0.2516454692514842
0.1904282919562527
0.17881724339553726
0.19772750191532304
0.19393541923513394
0.18865519658570598
0.18519232941353336
0.24308821435996378
0.2469388239311648
0.1811018380739841
0.18257379232025334
0.1948732613858849
0.1960727619908875
0.2004312482965587
0.19549090779233677
0.18242389803383505
0.17560731714924663
0.16911746772446914
0.25594277382153513
0.18694536530082972
0.18953464571606035
0.18866249504571558
0.20260872529323018
0.18290632295335926
0.20348226632992267
0.1928296948812699
0.21208781906983315
0.1886921072492093
0.2146334991649153
0.1915379047634682
0.18874083134926214
0.19563228419992715
0.2415147743457256
0.17073131646695408
0.18017085124930682
0.17415460392077883
0.20368395113624332
0.18721758004089084
0.19145466051789137
0.200382678724454
0.21406264912453163
0.19432707370261976
0.20398756591112596
0.21179970283712948
0.22410377175716983
0.21555165178753527
0.1722260448556071
0.20092897215561056
0.19127364634205082
0.187895091066215
0.18582905403760444
0.19658976124162197
0.18913309968274186
0.19954960302624286
0.20103663851647252
0.20794829101846918
0.17698373971895057
0.18457929202646892
0.20372948457013793
0.18501635537093533
0.19178113838837807
0.19476513575999263
0.1925408389323463
0.17393510024370828
0.19585544874671657
0.21544862011158214
0.18399775572234672
0.17714630021760122
0.18517557772178242
0.19638975545917253
0.18827097524569641
0.17009454360510132
0.1153261787315691
0.2076095583049349
0.2036247653758798
0.20763450208350917
0.22192715774776522
0.21116982917339375
0.20468669389847885
0.16012111378735308
0.22266269452936582
0.18611570102739738
0.2031607375552857
0.19685507450031212
