-0.17831003100893297
-0.18720283847789537
-0.17010802192678398
-0.19468876139187163
-0.14271802856815707
-0.16485020238966522
-0.10985159864195349
-0.1662940011504459
-0.1802133557468752
-0.22754634648018224
-0.14508244532809203
-0.11578373000556266
-0.1458219941800997
-0.1472654376649259
-0.15215571238629907
-0.11419111469969938
-0.20191593283808165
-0.16468838323926105
-0.15403530962122727
-0.1486750582293405
-0.14594266724907032
-0.14475080509609065
-0.19519559434988876
-0.14783420337768974
-0.20194107113753543
-0.21039490473214156
-0.16714241561450335
-0.13411339387237994
-0.21429900529658158
-0.1283630307150362
-0.14845719901598545
-0.1420409963954922
-0.13862973448098123
-0.1515805220050803
-0.1425177349467643
-0.13014730862972657
-0.1479054346255799
-0.15924602523362108
-0.2053983882972227
-0.12675516898188002
-0.13376093472722683
-0.1528161618619531
-0.1575188683678585
-0.15154802754673474
-0.16663115990158484
-0.14838531064535024
-0.1948917060456912
-0.16078515783367162
-0.157025694173367
-0.1675330704115801
-0.13155465873535985
-0.15806092554432713
-0.18814161071623406
-0.1566875491552045
-0.15311871583738187
-0.14739287479995525
-0.12571087380198576
-0.13717613459875458
-0.2126322647612845
-0.15008018770275686
-0.13620508332339412
-0.13966535455555007
-0.1374526929759172
-0.14676011461359587
-0.1394419209317266
-0.14445977554733141
-0.18426648820597008
-0.15163539021794176
-0.1682811044311238
-0.1517131971087147
-0.16052354407971164
-0.13660414024088885
-0.14396193828334256
-0.16678978435435904
-0.15069292160960907
-0.15836958157879572
-0.14255119403171737
-0.1789058952252814
-0.17158495009904123
-0.12176353009945662
-0.12988042581570455
-0.13305099414898772
-0.2099083045150544
-0.12994149333235314
-0.15196956411836945
-0.17497618456605304
-0.14676909563187834
-0.16421645840097857
-0.14120804662981548
-0.13865793042267935
-0.14978518261528356
-0.13175354386571025
-0.1718193935264426
-0.18572289315134852
-0.18180439886491517
-0.22832039070722207
-0.1927140959759031
-0.2050037206206592
-0.16223798352706328
-0.18092578548842728
